62347673
62258039
62258038
62258037
62258036
62258035
62258034
62258033
62258032
62149727
62149726
62149725
62149724
62149723
62149722
62149721
56344637
62081425
62081424
62081423
62081422
61800723
47865868
62021623
62021622
62021621
62021620
62021619
62021618
56505474
56505473
56505472
56505471
49549708
44820517
42180106
42180105
42180104
42180103
61800730
61800729
61800728
61800727
61800726
61800725
61800724
61800722
44467445
23177848
18995169
18995168
17266611
45032525
44629557
44629040
61028617
61028616
61028615
61027274
61842889
61842888
61842887
61842886
61842885
61842884
61842883
61842882
61842881
61842880
61842879
61842878
61842877
61842876
61842875
61842874
61842873
61842872
61842871
61588889
37757528
37757527
37757526
37757525
61141222
61240277
61240276
61240275
61240274
61240273
61240272
61240271
61240270
61240269
61092712
61092711
61092710
61092709
6289803
43428450
58956613
58956612
58956611
58956610
58956609
58956608
60495210
60495209
60495208
60390615
60390614
60390613
60390612
60390611
60390610
60390609
60390608
60390607
54739139
57364344
57364252
57364251
57364250
57364249
57364248
28078153
56533517
55915791
55915790
55915789
55915788
55915787
55915786
55415750
55415749
55415748
55415747
55415746
55415745
55415744
55415743
55415742
55415741
55415740
55415739
55415738
55415737
55415736
50180639
47662159
47662158
47662157
55223587
54995002
54995001
54995000
54994999
54994998
54994997
54994996
54994995
54994994
54994993
54994992
54994991
54994990
54994989
54994988
54994987
54994986
54994985
54994984
54994983
54994982
54994981
54994980
54994979
54994978
54994977
54994976
54994975
54994974
54994973
54994972
54994971
54994970
54938012
54938011
54938010
54938009
54938008
54938007
54805817
54805816
54805815
54805814
44820527
44820520
44820519
44820518
44820516
44820515
44820514
44820512
44820511
44820510
44820508
44820506
44820504
44820503
44820499
44820497
44820496
44820495
44820494
44820493
54596583
54596582
54596581
54596580
54596579
54596578
54596577
54596576
54596575
54596574
44820509
44820507
44820505
44820502
44820501
44820500
44820498
43909937
43909931
43909898
43909896
43909832
53925750
53925749
53925748
53925747
53925746
53925745
53925744
53925743
53925742
53925741
53925740
53925739
53925738
53925737
53925736
53925735
53925734
53925733
53925732
53925731
53925730
53925729
53925728
53925727
53925726
53925725
53925724
53925723
53925722
53925721
53925720
53925719
53925718
53925717
53925716
53925715
53925714
53925713
53925712
53925711
53925710
53925709
53925708
53925707
53925706
53925705
53925704
53925703
53925702
53925701
53925700
53925699
53925698
53925697
53925696
53925695
53925694
53925693
53925692
53925691
53925690
53925689
53925688
53925687
53925686
53925685
53925684
53925683
53925682
53925681
53925680
53925679
53925678
53925677
53925676
53925675
53925674
53925673
53925672
53925671
53925670
53925669
53925668
53925667
53925666
53925665
53925664
53925663
53925662
53925661
53925660
53925659
53925658
53925657
53925656
53925655
53925654
53925653
53925652
53925651
53925650
53925649
53925648
48892068
48892067
48892066
48892065
48892064
48892063
48892062
48892061
48892060
48892059
48892058
48892057
48892056
48892055
48892054
48892053
48892052
48892051
48892050
48892049
48892048
48892047
48892046
48892045
48892044
48892043
53642427
53642177
53642169
53642052
53641905
53641846
53641648
53641462
53641389
53640912
53640877
53640836
53640527
53640495
53640410
53640301
53639838
53639824
53639781
53639294
53639240
53639086
53639039
53638916
53503655
53503653
53503651
53503647
53503646
53503645
53503642
53503640
53503636
53503635
53503633
53503632
53503630
53503627
53503626
53503622
53503619
53503616
53503614
53503613
53503611
53503608
53503606
53503604
53503598
53503595
53503593
53503592
53503589
53503587
53503585
53503584
53503583
53503582
53503578
53503576
53503573
53503571
53503569
53503568
53503654
53503652
53503650
53503648
53503644
53503641
53503639
53503638
53503637
53503631
53503629
53503628
53503625
53503624
53503623
53503621
53503620
53503618
53503617
53503610
53503609
53503607
53503605
53503603
53503602
53503601
53503599
53503596
53503594
53503591
53503590
53503588
53503586
53503581
53503580
53503579
53503577
53503575
53503574
53503572
53503567
53503566
53503565
53491217
53491215
53491214
53491211
53491209
53491208
53491206
53491205
53491203
53491200
53491199
53491198
53491196
53491195
53491193
53491192
53491190
53491189
53491187
53491185
53491184
53491182
53491181
53491180
53481626
53481617
53481596
53481271
53481260
53481184
53481141
53481046
53480831
53480741
53480573
53480509
53480500
53480481
53480474
53480331
53480113
53480019
53480011
53479821
53479451
53479258
53479189
53479168
53478598
53478534
53478507
53478495
53478320
53478298
53478274
53478217
53478183
53477961
53477807
53477561
53477552
53477525
53477517
53365625
53365624
53365623
53365622
53365621
53365620
53365619
53365618
53365617
53365616
47772879
47772878
47772877
47772876
47772875
47772874
52376887
48995533
48977310
48955999
51433432
37721522
51336171
51286211
47519698
47519697
47519696
47519695
47519694
47519693
47519692
47519691
47519690
47519689
47519688
47519687
47519686
47519685
47519684
47519683
47519682
47519681
47519680
47519679
47519678
47519677
47519676
47519675
47519674
47519673
47519672
47519671
47519670
47519669
47519668
47519667
47519666
47519665
47519664
47519663
47519662
47519661
47519660
47519659
47519658
47519657
47519656
47519655
47519654
47519653
47519652
47519651
47519650
47519649
47519648
47519647
47519646
47519645
47519644
47519643
47519642
47519641
47519640
47519639
47519638
47519637
47519636
47519635
47519634
47519633
47519632
47519631
47519630
47519629
47519628
47519627
47519626
47519625
47519624
47519623
47519622
47519621
47519620
47519619
47519618
47519617
47519616
47519615
47519614
47519613
47519612
47519611
47519610
47519609
46495461
46495460
46495459
46495458
46495457
46495456
46495455
46495454
46495453
46495452
46495451
46495450
46495449
46495448
46495447
46495446
46495445
46495444
46495443
46495442
46495441
46495440
46495439
46495438
46495437
46495436
46495435
46495434
46495433
46495432
46495431
46495430
46495429
46495428
46495427
46495426
46495425
46495424
46495423
46495422
46495421
46495420
46495419
46495418
46495417
46495416
46495415
46495414
46495413
46495412
46495411
46495410
46495409
46495408
46495407
46495406
46495405
46495404
46495403
46495402
46495401
46495400
46495399
46495398
46495397
46495396
46495395
46495394
46495393
46495392
46495391
46495390
43154446
50634567
50298033
50283881
50030530
50030529
49966198
20349546
49812370
49888381
49888380
49888379
49888378
49888377
49888376
49764477
49764476
49764475
49764474
49764473
49764472
49764471
49764470
49764469
49764468
49764467
49764466
49764465
49764464
49764463
49764462
49764461
49764460
49764459
49764458
49764457
49764456
49764455
49764454
49764453
49764452
49764451
49764450
49764449
49764448
49764447
49764446
49764445
49764444
49764443
49764442
49764441
49764440
49764439
49764438
49764437
49764436
49764435
49764434
49764433
49764432
49764431
49764430
49764429
49764428
49764427
49764426
49764425
49764424
49764423
49764422
49764421
49764420
49764419
49764418
49764417
49764416
49764415
49764414
49764413
49764412
49764411
49764410
49764409
49764408
49764407
49764406
49764405
49764404
49764403
49764402
49764401
49764400
49764399
49764398
49764397
49764396
49764395
49764394
49764393
49764392
49764391
49764390
49764389
49764388
49764387
49764386
49764385
49764384
49764383
47326621
47326620
48881384
47852671
47852670
47852669
47852668
47852667
47852666
47852665
47852664
47852663
47852662
47852661
47852660
47852659
47852658
47852657
47852656
47852655
47852654
47852653
47852652
47852651
47852650
47852649
48851964
45624672
45624671
45624670
45624669
45624668
45624667
45624666
45624665
45624664
45624663
45624662
45624661
45624660
45624659
45624658
45624657
45624656
45624655
45624654
45624653
45624652
45624651
45624650
45624649
45624648
45624647
45624646
45624645
45624644
45624643
45624642
45624641
45624640
45624639
45624638
45624637
45624636
45624635
45624634
45624633
45624632
45624631
45624630
45624629
45624628
45624627
45624626
45624625
45624624
45624623
45624622
45624621
45624620
45624619
45624618
45624617
45624616
45624615
45624614
45624613
45624612
45624611
45624610
45624609
45624608
45624607
45624606
45624605
45624604
45624603
45624602
45624601
45624600
45624599
45624598
45624597
45624596
45624595
45624594
45624593
45624592
45624591
45624590
45624589
45624588
45624587
45624586
45624585
45624584
45624583
45624582
45624581
45624580
45624579
45624578
45624577
45624576
45624575
45624574
45624573
45624572
45624571
45624570
45624569
45624568
45624567
45624566
45624565
45624564
45624563
45624562
45624561
45624560
45624559
45624558
45624557
45624556
45624555
45624554
45624553
45624552
45624551
45624550
45624549
45624548
45624547
45624546
45624545
45624544
45624543
45624542
45624541
45624540
45624539
45624538
45624537
45624536
45624535
45624534
45624533
45624532
45624531
45624530
45624529
45624528
45624527
45624526
45624525
45624524
45624523
45624522
45624521
45624520
45624519
45624518
45624517
45624516
45624515
45624514
45624513
45624512
45624511
45624510
45624509
45624508
45624507
45624506
45624505
45624504
45624503
45624502
45624501
45624500
45624499
45624498
45624497
45624496
45624495
45624494
45624493
45624492
45624491
45624490
45624489
45624488
45624487
45624486
45624485
45624484
45624483
45624482
45624481
45624480
45624479
45624478
45624477
45624476
45624475
45624474
45624473
45624472
45624471
45624470
45624469
45624468
45624467
45624466
45624465
45624464
45624463
45624462
45624461
45624460
45624459
45624458
45624457
45624456
45624455
45624454
45624453
45624452
45624451
45624450
45624449
45624448
45624447
45624446
45624445
45624444
45624443
45624442
45624441
45624440
45624439
45624438
45624437
45624436
45624435
45624434
45624433
45624432
45624431
45624430
45624429
45624428
45624427
45624426
45624425
45624424
45624423
45624422
45624421
45624420
45624419
45624418
45624417
45624416
45624415
45624414
45624413
45624412
45624411
45624410
45624409
45624408
45624407
45624406
45624405
45624404
45624403
45624402
45624401
45624400
45624399
45624398
45624397
45624396
45624395
45624394
45624393
45624392
45624391
45624390
45624389
45624388
45624387
45624386
45624385
45624384
45624383
45624382
45624381
45624380
45624379
45624378
45624377
45624376
45624375
45624374
45624373
45624372
45624371
45624370
45624369
45624368
45624367
45624366
45624365
45624364
45624363
45624362
45624361
45624360
45624359
45624358
45624357
45624356
45624355
45624354
45624353
45624352
45624351
45624350
45624349
45624348
45624347
45624346
45624345
45624344
45624343
45624342
45624341
45624340
45624339
45624338
45624337
45624336
45624335
45624334
45624333
45624332
45624331
45624330
45624329
45624328
45624327
45624326
45624325
45624324
45624323
45624322
45624321
45624320
45624319
45624318
45624317
45624316
45624315
45624314
45624313
45624312
45624311
45624310
45624309
45624308
45624307
45624306
45624305
45624304
45624303
45624302
45624301
45624300
45624299
45624298
45624297
45624296
45624295
45624294
45624293
45624292
45624291
45624290
45624289
45624288
45624287
45624286
45624285
45624284
45624283
45624282
45624281
45624280
45624279
45624278
45624277
45624276
45624275
45624274
45624273
45624272
45624271
45624270
45624269
45624268
45624267
45624266
45624265
45624264
45624263
45624262
45624261
45624260
45624259
45624258
45624257
45624256
45624255
45624254
45624253
45624252
45624251
45624250
45624249
45624248
45624247
45624246
45624245
45624244
45624243
45624242
45624241
45624240
45624239
45624238
45624237
45624236
45624235
45624234
45624233
45624232
45624231
45624230
45624229
45624228
45624227
45624226
45624225
45624224
45624223
45624222
45624221
45624220
45624219
45624218
45624217
45624216
45624215
45624214
45624213
45624212
45624211
45624210
45624209
45624208
45624207
45624206
45624205
45624204
45624203
45624202
45624201
45624200
45624199
45624198
45624197
45624196
45624195
45624194
45624193
48144332
48144321
40924463
40924380
48210616
48210615
48210614
41397082
48191345
48075520
48144474
48144473
48144472
48144471
48144470
48144469
48144468
48144467
48144466
48144465
48144464
48144463
48144462
48144461
48144460
48144459
48144458
48144457
48144456
48144455
48144454
48144453
48144452
48144451
48144450
48144449
48144448
48144447
48144446
48144445
48144390
48144389
48144388
48144387
48144386
48144385
48144384
48144383
48144382
48144381
48144380
48144379
48144378
48144377
48144376
48144375
48144374
48144373
48144372
48144371
48144370
48144369
48144368
48144367
48144366
48144365
48144364
48144363
48144362
48144361
48144360
48144359
48144358
48144357
48144356
48144355
48144354
48144353
48144352
48144351
48144350
48144349
48144348
48144347
48144346
48144345
48144344
48144343
48144342
48144341
48144340
48144339
48144338
48144337
48144336
48144335
48144334
48144333
48144331
48144330
48144329
48144328
48144327
48144326
48144325
48144324
48144323
48144322
48144320
48144319
48144318
48144317
48144316
48144315
48144314
48144313
48144312
48144311
48085514
48085513
48085511
48085510
48085509
48085508
48085507
48085506
48085505
48085504
47993903
47993902
48085512
43303036
43303035
43303034
43303033
43303032
41264335
41264334
47621267
47621266
47621265
47857644
47071780
44366232
38366948
38366947
38366946
38366945
38366944
38366943
38366942
38366941
38366940
38366939
38366938
38366937
38366936
38366935
38366934
38366933
16871617
47071782
47071781
47071779
47071778
47071777
47071776
46988022
46988021
46988020
46988019
46988018
46988017
46988016
46988015
46988014
46988013
46988012
46988011
46988010
46988009
46988008
46988007
46988006
46988005
46988004
46988003
46988002
46988001
46988000
46987999
46987998
46987997
46987996
46987995
46987994
46987993
46987992
46987991
46987990
46987989
46987988
46987987
46987986
46987985
46987984
46987983
46987982
46987981
46987980
46987979
46987978
46987977
46987976
46987975
46987974
46987973
46711224
46711223
46711222
46711221
46711220
46711219
46711218
46711217
46711216
46711215
46711027
46711026
46711025
46711024
46711023
46711022
46711021
46711020
46711019
46711018
46711017
46711016
46711015
46711014
46711013
46711012
46711011
46711010
46711009
46711008
46711007
46711006
46711005
46711004
46711003
46711002
46711001
46711000
46710999
46710998
46710997
46710996
46710995
46710994
39641963
39641962
39641961
44631176
31865980
17709918
17709917
17709916
17709915
17709914
17709913
17709912
17709911
17709910
17709909
17709908
17709907
38450761
41686172
41686171
44628693
44628692
44628691
44628690
44628689
44628688
44628687
44628686
44628685
44628684
44628683
44628682
44628681
44628680
44628679
44628678
44628677
44628676
44628675
44628674
44628673
44628672
44628671
44628670
44628669
44628668
44628667
44628666
44628665
44628664
44628663
44628662
44628661
44628660
44628659
44628658
44628657
44628656
44628655
44628654
44628653
44628652
44628651
44628650
44628649
44628648
44628647
44628646
44628645
44628644
44628643
44628642
44628641
44628640
44628639
44628638
44628637
44628636
44628635
44628634
44628633
44628632
44628631
44628630
44628629
44628628
44628627
44628626
44628625
44628624
44628623
44628622
44628621
44628620
44628619
44628618
44628617
44628616
44628615
44628614
44628613
44628612
44628611
44628610
44628609
44628608
44628607
44628606
44628605
44628604
44628603
44628602
44628601
44628600
44628599
44628598
44628597
44628596
44628595
44628594
44628593
44628592
44628591
44628590
44628589
44628588
44414988
2585053
43269453
43269452
43269451
43269450
43269449
43269448
43269447
43269446
37256216
37256215
37256214
37256213
37256212
37256211
37256210
31516922
25248512
25248511
25248510
25248509
25248508
25248507
25248506
25248505
25248504
37261781
42040288
42040287
42040286
42040285
42040284
42040283
21619796
16539843
16539842
16539841
16539840
16539839
16539838
16539837
16539836
16539835
16539834
16539833
16539832
16539831
16539830
16539829
16539828
16539827
16539826
16539825
16539824
16539823
16539822
16539821
16539820
15733756
15722388
15722387
15722386
15722385
15722384
15722383
15722382
15722381
15722380
15722379
14754768
14754767
14754766
13932574
13932573
6812726
6812725
6812724
6812723
6812722
6812721
22170846
22170845
21906701
21906700
21906699
42783711
42783710
42783709
42783708
42783707
42783706
7060401
7060370
7060368
7060366
7052470
7052465
7052461
7052457
7052455
7052453
7001455
7001366
6998273
5051230
5051227
5039849
5019247
4908347
4802584
4802509
4802483
4779461
4779455
4739590
4739588
4739583
4739578
4739576
4739572
4739565
4739563
4739561
4739559
4692099
3215638
22612370
7142317
43407545
43282463
43282365
43282212
43282129
43281666
43281545
40440920
40440919
40440918
40440917
40440916
40440915
40440914
40440913
40440912
40440911
40440910
40440909
40440908
40440907
40440906
40440905
40440904
40440903
40440902
34223255
36447502
42899248
42899247
42716486
38879770
41796063
38081876
38081875
38081874
38081873
38081872
38081871
38081870
38081869
38081868
38081867
38081866
35628658
35628657
33863129
33863128
33863127
33863126
33863125
33863124
33863123
33863122
33863121
41665399
41827897
41827896
41827895
41827894
41827893
41827892
41827891
41827890
41827889
41827888
41827887
41827886
41827885
41827884
41827883
41827882
41827881
41827880
36081925
36081922
36081921
36081920
36081919
36081917
36081916
36081913
36081912
36081911
36081910
36081909
36081908
36081907
36081906
36081905
36081904
36081903
36081902
36081901
38237305
38237304
38237303
38237302
38237301
16814226
16814225
16814224
16295094
16295093
16295092
16295091
16295090
16295089
41432730
41432729
41432728
41432727
41432726
41432725
41432724
41432723
41432722
41432721
41432720
41432719
41432718
41432717
41432716
41432715
41432714
41432713
41432712
41432711
41432710
41432709
16125522
16125456
16125450
16125435
14490832
37824521
37824520
37824519
37824517
37824516
37824515
37824514
37824510
37824509
37824507
37824502
37824501
37824500
37824499
37824498
37824496
37824495
7187863
4159472
4159471
4159470
4159469
4159468
4159464
16125519
6697627
2484387
40518025
40702587
40702586
40702585
40702584
40702583
40702582
40702581
40702580
40702579
40702578
40702577
40702576
40702575
40702574
40702573
40702572
40702571
40702570
40702569
40702568
40702567
40702566
40702565
40702564
40702563
40518024
40518023
40518022
40518021
40518020
40518019
40518018
40518017
40518016
40518015
40518014
40518013
40518012
40518011
40518010
40518009
40518008
40518007
40518006
40518005
40518004
40518003
40518002
40518001
40518000
39646430
39646429
39646428
39646427
39646426
39646425
39646424
39646423
17194423
17194422
17194421
17194420
17194419
17194418
17194417
17194416
17194415
17194414
17194413
17194412
17194411
17194410
17194409
17194408
17194407
17194406
17194405
17194404
17194403
17194402
17194401
17194400
17194399
17194398
4159467
4159466
4159465
39822551
39822550
39714303
7436295
38159261
38159260
38159259
38159258
38159257
38159256
38159255
38159254
38159253
38159252
38159251
39213512
20605993
36773569
36773568
36773567
36773566
36773565
36773564
32399500
32082345
38237306
37824522
37824518
37824513
37824512
37824511
37824508
37824506
37824505
37824504
37824503
37824497
28078154
28078152
28078148
3765174
38003945
38003944
38003943
38003942
38003941
38003940
38003939
38003938
38003937
38003936
13348489
13348488
13348487
3256359
37071251
36081924
36081923
36081918
36081915
36081914
35301405
35347197
36189670
36189446
36189445
36189444
36189443
36189442
36189441
35347198
20310806
20309791
5437153
3837633
34388416
34388415
34388414
34388413
34388412
34388411
12110792
2603298
13518656
33918401
33918400
33918399
33918398
33918397
33918396
33918395
33918394
33918393
32543036
32543035
32543034
32543033
32543032
32543031
32543030
28078150
29421919
28078151
28078149
28078147
28078146
28078145
28078144
28078143
28078142
28078141
24674463
24674462
24674461
24674460
24674459
24674458
24674457
24674456
24674455
24674454
24674453
24674452
24674451
24674450
24674449
24674448
24674447
24674446
24674445
24674444
24674443
24674442
24674441
24674440
24674439
24674438
24674437
24674436
24674435
24674434
24674433
24674432
24674431
24674430
24674429
24674428
24674427
24674426
24674425
24674424
24674423
24674422
24674421
24674420
24674419
24674418
24674417
24674416
24674415
24674414
24674413
24674412
24674411
24674410
24674409
24674408
24674407
24674406
24674405
24674404
24674403
24674402
24674401
24674400
24674399
24674398
24674397
24674396
24674395
24674394
24674393
24674392
24674391
24674390
24674389
24674388
24674387
24674386
24674385
24674384
24674383
24674382
24674381
24674380
24674379
24674378
24673219
24673218
24673217
24673216
24673215
24673214
24673213
24673212
24673211
24673210
24673209
24673208
24673207
24673206
24673205
24673204
24673203
24673202
24673201
24673200
24673199
24673198
24673197
24673196
24673195
24673194
24673193
24673192
24673191
24673190
24673189
24673188
24673187
24673186
24673185
24673184
24673183
24673182
24673181
24673180
24673179
24673178
24673177
24673176
24673175
21464309
21464302
21464294
28868074
30822110
30822109
30822108
30822107
30822106
30822105
30822104
30822103
30822102
30822101
30822100
30822099
30822098
30822097
30822096
30822095
30822094
30822093
30822092
30822091
30822090
30822089
30822088
30822087
30822086
30822085
30822084
30822083
30822082
30822081
30822080
30822079
30822078
30822077
30822076
30822075
30822074
30822073
30822072
30822071
30822070
30822069
30822068
30822067
30822066
30822065
30822064
30822063
30822062
30822061
30822060
30822059
30822058
30822057
30822056
30822055
30822054
30822053
30822052
30822051
30822050
30822049
30822048
30822047
30822046
30822045
30822044
30822043
30822042
30822041
30822040
30822039
30822038
30822037
30822036
30822035
30822034
30822033
30822032
30822031
30822030
30822029
30822028
30822027
30822026
30822025
30822024
30822023
30822022
30822021
30822020
30822019
30822018
30822017
30822016
30822015
30822014
30822013
30822012
30822011
30822010
30822009
30822008
30822007
30822006
30822005
30822004
30822003
30822002
30822001
30822000
30821999
30821998
30821997
30821996
30821995
30821994
30821993
30821992
30821991
30821990
30821989
30821988
30821987
30821986
30821985
30821984
30821983
30821982
30821981
30821980
30821979
30821978
30821977
30821976
30821975
30821974
30821973
30821972
30821971
30821970
30821969
30821968
30821967
30821966
30821965
30821964
30821963
30821962
30821961
30821960
30821959
30821958
30821957
30821956
30821955
30821954
30821953
30821952
30821951
30821950
30821949
30821948
30821947
30821946
30821945
30821944
30821943
30821942
30821941
30821940
30821939
30821938
30821937
30821936
30821935
30821934
30821933
30821932
30821931
30821930
30821929
30821928
30821927
30821926
30821925
30821924
30821923
30821922
30821921
30821920
30821919
27356661
27356660
27356659
27356658
27356657
27356656
27356655
27356654
27356653
27356652
27356651
27356650
27356649
27356648
27356647
27356646
27356645
27356644
27356643
27356642
27356641
27356640
27356639
27356638
27356637
27356636
27356635
27356634
27356633
27356632
27356631
27356630
27356629
27356628
27356627
27356626
27356625
27356624
27356623
27356622
27356621
27356620
27356619
27356618
27356617
27356616
27356615
27356614
27356613
27356612
27356611
27356610
27356609
27356608
27356607
27356606
27356605
27356604
27356603
27356602
27356601
27356600
27356599
27356598
27356597
27356596
27356595
27356594
27356593
27356592
27356591
27356590
27356589
27356588
27356587
27356586
27356585
27356584
27356583
27356582
27356581
27356580
27356579
27356578
27356577
27356576
27356575
27356574
27356573
27356572
27356571
27356570
27356569
27356568
27356567
27356566
27356565
27356564
27356563
27356562
27356561
27356560
27356559
27356558
27356557
27356556
27356555
27356554
27356553
27356552
27356551
27356550
27356549
27356548
27356547
27356546
27356545
27356544
27356543
27356542
27356541
27356540
27356539
27356538
27356537
27356536
27356535
27356534
27356533
27356532
27356531
27356530
27356529
27356528
27356527
27356526
27356525
27356524
27356523
27356522
27356521
27356520
27356519
27356518
27356517
27356516
27356515
27356514
27356513
27356512
27356511
27356510
27356509
27356508
27356507
27356506
27356505
27356504
27356503
27356502
27356501
27356500
27356499
27356498
27356497
27356496
27356495
27356494
27356493
27356492
27356491
27356490
27356489
27356488
27356487
27356486
27356485
27356484
27356483
27356482
27356481
27356480
27356479
27356478
27356477
27356476
27356475
27356474
27356473
27356472
27356471
27356470
29673693
29673692
29673691
29638282
29638281
29638280
21464312
21464311
21464310
21464308
21464307
21464306
21464305
21464304
21464303
21464301
21464300
21464299
21464298
21464297
21464296
21464295
23177849
30496077
30495946
29255471
29255470
29255469
29255468
29255467
29255466
29255465
29255464
29255463
29255462
29255461
29255460
29255459
29255458
29255457
29255456
29255455
29255454
29255453
29255452
29255451
29255450
29255449
29255448
29255447
29255446
29255445
29255444
29255443
29255442
29255441
29255440
29255439
29255438
29255437
29255436
29255435
29232630
28078159
28078158
28078157
28078156
28078155
23966414
23966413
23966412
27631883
27631882
27631881
27631880
27631879
27631878
27631877
27631876
27631875
27631874
27589867
27589866
28591804
28591803
28591802
22566580
22566579
22566578
22566577
22566576
22566575
22566574
22566573
22566572
22566571
2152298
27967468
27967467
27967466
22367847
4092273
16434924
14490840
14490839
14490838
14490837
14490836
14490835
14490834
14490833
14490831
14490830
26550128
25611842
17601211
24896226
25047906
21855741
21855740
21855739
21855738
21855737
21855736
21855735
21855734
24702282
15955144
15955143
15955142
15955141
15955140
15955139
15955138
15955137
15955136
15955135
15955134
15955133
23345431
22612389
22612388
22612387
22612386
22612385
22612384
22612383
22612382
22612381
22612380
22612379
22612378
22612377
22612376
22612375
22612374
22612373
22612372
22612371
22612369
22612368
22612367
22612366
22612365
22612364
22612363
22612362
22612361
22612360
22612359
22612358
22612357
22612356
22612355
22612354
22612353
22612352
22612351
22612350
22612349
22612348
22612347
22612346
22612345
22612344
22612343
22612342
22612341
22612340
22612339
22612338
22612337
22612336
22612335
22612334
22612333
22612332
22612331
22612330
22612329
22612328
22612327
22612326
22612325
22612324
22612323
22612322
22612321
22612320
22612319
22612318
22612317
22612316
22612315
22612314
22612313
22612312
22612311
22612310
22612309
22612308
22612307
22612306
22612305
22612304
22612303
22612302
22612301
22612300
22612299
22612298
22612297
22612296
22612295
22612294
22612293
22612292
22612291
22612290
22612289
22612288
22612287
22612286
22612285
22612284
22612283
22612282
22612281
22612280
22612279
22612278
22612277
22612276
22612275
22612274
22612273
22612272
22612271
22612270
22612269
22612268
22612267
22612266
22612265
22612264
22612262
22612261
22612260
22612259
22612258
22612257
22612256
22612255
22612254
22612253
22612252
22612251
22612250
22612249
22612248
22612247
22612246
23101910
14754796
14754795
14754794
14754779
14754778
14754777
14929631
14929630
14929629
14929628
14929627
14929626
14929625
14929624
14929623
14929622
14929621
14929620
14929619
14929618
14929617
14929616
14929615
14929614
14929613
14929612
14929611
14929610
14929609
14929608
14929607
14929606
14929605
14929604
14929603
14929602
14929601
14929600
3446999
3446998
3446997
3446996
3446995
2483951
2483813
2483798
20308689
19546226
18316930
19372447
19291626
19291625
19291624
18614305
18614302
13518540
18323792
14683366
14524015
14524014
14524013
14524012
14524011
14524010
14524009
14524008
14524007
14524006
14524005
14524004
14524003
14524002
14524001
14524000
14523999
14523998
14523997
14523996
14523995
14523994
14523993
14523992
14523991
14523990
14523989
14523988
14523987
14523986
14523985
14523984
14523983
14420033
14420032
14420031
14420030
14420029
14420028
14420027
14420026
14420025
14420024
14420023
14420022
14420021
14420020
14420019
14420018
14420017
14420016
14420015
14420014
14420013
14420012
14420011
14420010
14420009
14420008
14420007
14420006
14420005
14420004
14420003
14420002
14420001
14262756
14262755
14262754
14262744
14253254
12500621
10351675
9425312
9425311
9425310
8180272
8048783
8046731
8043185
8043183
8043155
7430693
7430692
7430691
7430690
7430689
7430688
7430687
7430686
7430685
7430684
7430683
7430682
7311587
6203084
6203083
6203082
6203081
6203080
6203079
6203078
6203077
6203076
6034710
5942177
5892027
5892026
5892025
5789166
5392700
5392572
3763557
2469797
2469793
8013148
8013147
8013146
8013145
8013144
8013143
16125523
16125521
16125520
16125518
16125517
16125516
16125515
16125514
16125513
16125512
16125511
16125510
16125509
16125508
16125507
16125506
16125505
16125504
16125503
16125502
16125501
16125500
16125499
16125498
16125497
16125496
16125495
16125494
16125493
16125492
16125491
16125490
16125489
16125488
16125487
16125486
16125485
16125484
16125483
16125482
16125481
16125480
16125479
16125478
16125477
16125476
16125475
16125474
16125473
16125472
16125471
16125470
16125469
16125468
16125467
16125466
16125465
16125464
16125463
16125462
16125461
16125460
16125459
16125458
16125457
16125455
16125454
16125453
16125452
16125451
16125449
16125448
16125447
16125446
16125445
16125444
16125443
16125442
16125441
16125440
16125439
16125438
16125437
16125436
16125434
16125433
16396878
15235522
15371201
15371200
15371199
15371198
15623711
15331500
15331499
15331471
15102643
14207021
14229440
14229439
14229397
14206145
8378610
8378615
8378614
8378613
8378612
8378611
8378609
8378608
8378594
8378593
8378592
8378591
13639769
13633964
13615695
13503727
13503726
13503725
13503724
13503723
13503722
13503721
13503720
13503719
13503718
13503717
13503716
13503715
13503714
13503713
13503712
13503711
13503710
13503709
13503708
13503707
13503706
13503705
13503704
13503703
13503702
13503701
13503700
13503699
13503698
8378582
8378581
8378580
8378579
6578950
4272888
4272887
4272885
3354495
11352627
3252640
3225168
3225167
3225166
3225165
3225164
3225163
3225162
3225161
3215842
8156817
8156816
8407853
8196801
6189571
10366527
10366526
10366525
10366524
10366523
10366522
10360477
10360476
10360475
10360474
10360473
10360472
8380407
8378625
8384893
7430706
7430705
7430704
7430703
7430702
7430701
7430700
7430699
7430698
7430697
7430696
7430695
7430694
5019248
5019246
5019245
5019244
5019243
5019242
2999387
7189980
4539710
4538211
7176573
7187861
5504078
7142318
3256358
3256353
3256333
2716068
7103093
7102988
7102496
7102436
7102413
7102324
7085545
7060387
7060379
7060376
7060375
7060374
7060373
7060371
7060369
7060367
7041504
7001744
7001742
7001739
7001737
7001459
7001387
7001379
7001374
7001373
7001371
7001369
7001368
7001365
7001359
7001358
7001355
7001353
7001352
7001349
7001343
7001341
7001339
7001338
7001337
7001329
7001323
7001321
7001315
7001311
7001309
6998408
6998406
6998374
6998364
6998361
6998354
6998348
6998343
6998341
6998340
6998339
6998338
6998335
6998334
6998332
6998330
6998329
6998327
6998326
6998323
6998319
6998315
6998312
6998311
6998310
6998307
6998304
6998302
6998300
6998296
6998295
6998293
6998289
6998287
6998284
6998283
6998278
6998276
6998270
6998268
6998267
6998265
6998262
6998260
6998258
6998255
6998253
6998251
6998248
6998246
6998244
6998243
6998241
6998240
6998238
6998236
6998234
6998232
6998230
6998221
6998219
6998217
6998216
6998214
6988132
6988126
6988085
6988081
6988076
6988074
6988073
6988072
6988070
6988069
6988068
6988067
6988066
6988064
6988062
6988061
6988059
6988056
6988053
6988052
6988047
6988045
6988040
6988033
6988032
6988026
6988024
6988023
6988020
6988018
6988017
6988015
6988011
6988009
6988007
6988006
6988004
6988001
6987999
6987997
6987995
6987994
6987993
6987990
6987987
6987986
6987984
6987982
6987978
6987977
6987976
6987973
6987972
6987971
6987967
6987965
6987962
6987960
6987957
6987954
6987950
6987949
6987947
6987944
6987942
6987938
6987937
6987935
6987933
6987931
6987925
6987923
6987922
6987917
4579664
6615925
6697629
6697628
6611028
6611027
6610398
6610220
6611049
6611048
6611046
6611032
6611031
6611029
6611026
6610411
6610409
6610406
6610405
6610404
6610401
6618353
6618352
6618351
6618350
6578932
6618354
6618349
6618348
6618347
6618346
6618345
6618344
6618343
6618342
6618341
6618340
6618339
6618338
6618337
6618336
6618335
6560054
6560053
6560052
4739586
4739581
4739574
4739570
4739569
4739568
4739567
4739566
4739562
4739560
5045391
5045388
5045386
4730214
4730213
4730212
4730211
4730210
4730207
4730205
4338585
5879720
5879719
5879718
5879717
5879716
4802746
4802434
4802428
4802381
4802378
4802376
5026770
5026769
5026768
4802781
4802778
4802773
4802767
4802764
4802759
4802751
4802743
4802739
4802731
4802705
4802694
4802691
4802689
4802682
4802679
4802674
4802669
4802661
4802639
4802632
4802629
4802627
4802621
4802619
4802616
4802608
4802603
4802598
4802590
4802586
4802581
4802575
4802569
4802534
4802529
4802528
4802524
4802522
4802507
4802497
4802488
4802486
4802478
4802468
4802459
4802449
4802439
4802436
4802421
4802418
4802415
4802403
4802400
4802398
4802396
4802391
4802388
4802386
4802373
4802368
4802363
4802361
4802359
4802354
4802346
5051770
5051768
5051767
5051766
5039864
5039859
5039856
5039852
5039847
5039844
5039841
5039838
5039836
5039833
5039829
5039826
5039820
5039816
5039813
5039810
5039808
5051231
5051224
3144431
4802783
4802779
4802776
4802775
4802772
4802769
4802762
4802757
4802754
4802748
4802735
4802733
4802728
4802726
4802723
4802721
4802718
4802716
4802713
4802710
4802707
4802702
4802700
4802697
4802686
4802685
4802676
4802672
4802666
4802664
4802658
4802655
4802652
4802650
4802647
4802645
4802642
4802637
4802634
4802624
4802613
4802610
4802605
4802600
4802595
4802592
4802578
4802573
4802566
4802563
4802560
4802557
4802553
4802550
4802548
4802545
4802543
4802539
4802537
4802532
4802520
4802517
4802514
4802512
4802504
4802502
4802499
4802493
4802491
4802481
4802476
4802473
4802471
4802464
4802462
4802457
4802454
4802452
4802446
4802444
4802441
4802431
4802426
4802423
4802413
4802410
4802408
4802405
4802393
4802383
4802371
4802365
4802356
4802351
4802349
4802344
3733543
4908350
4908349
4908348
4908346
4908345
4908344
4885697
4885696
4885695
4885694
4537371
4779458
4779452
4715330
4715326
4715321
4693176
4693172
4693168
4692146
4692144
4692141
4692137
4692133
4692130
4692127
4692123
4692119
4692115
4692111
4692109
4692105
4692102
4692095
4692092
4692089
4216073
4216072
4216071
4216070
4123299
4123295
4158631
4272895
4272894
4272892
4272891
4272886
4155560
3402637
3765658
3197780
2863150
188652
188602
188527
188438
188437
184333
183590
2603411
2472178
2471768
2470050
3072852
3069321
3069318
3069316
3069315
3069116
3069115
3069114
3069113
3069112
3069109
3069108
3009990
3009966
3009919
2821162
2602917
2444146
2364222
