SEQUENCE_TEMPLATE	WP_155419121.1	100.000	205	0	0	633	19	2	206	1.78e-137	394
SEQUENCE_TEMPLATE	WP_197336017.1	100.000	205	0	0	633	19	493	697	3.24e-132	398
SEQUENCE_TEMPLATE	WP_039556474.1	100.000	205	0	0	633	19	824	1028	1.64e-128	398
SEQUENCE_TEMPLATE	EAP70927.1	100.000	205	0	0	633	19	837	1041	2.34e-128	398
SEQUENCE_TEMPLATE	WP_197341510.1	95.122	205	10	0	633	19	824	1028	8.35e-123	383
SEQUENCE_TEMPLATE	WP_483333563.1	91.707	205	17	0	633	19	523	727	9.01e-120	367
SEQUENCE_TEMPLATE	MDD5364773.1	93.171	205	14	0	633	19	824	1028	2.06e-119	374
SEQUENCE_TEMPLATE	WP_226245240.1	93.659	205	13	0	633	19	824	1028	2.34e-119	374
SEQUENCE_TEMPLATE	WP_426121805.1	92.195	205	16	0	633	19	824	1028	5.73e-118	370
SEQUENCE_TEMPLATE	WP_346474562.1	91.707	205	17	0	633	19	824	1028	1.06e-117	370
SEQUENCE_TEMPLATE	CAJ4481291.1	92.195	205	16	0	633	19	824	1028	1.42e-117	369
SEQUENCE_TEMPLATE	WP_105846596.1	92.195	205	16	0	633	19	824	1028	4.15e-117	368
SEQUENCE_TEMPLATE	WP_184849018.1	91.220	205	18	0	633	19	824	1028	4.28e-117	368
SEQUENCE_TEMPLATE	WP_284318900.1	91.707	205	17	0	633	19	824	1028	8.97e-117	367
SEQUENCE_TEMPLATE	MIC9060746.1	90.732	205	19	0	633	19	824	1028	4.82e-116	365
SEQUENCE_TEMPLATE	WP_251879717.1	90.732	205	19	0	633	19	824	1028	4.82e-116	365
SEQUENCE_TEMPLATE	MEQ1582141.1	86.829	205	27	0	633	19	446	650	3.17e-115	353
SEQUENCE_TEMPLATE	CEJ19155.1	100.000	176	0	0	546	19	1	176	5.85e-115	336
SEQUENCE_TEMPLATE	WP_444516452.1	87.745	204	25	0	633	22	824	1027	1.32e-111	353
SEQUENCE_TEMPLATE	WP_446327505.1	87.255	204	26	0	633	22	824	1027	6.57e-111	352
SEQUENCE_TEMPLATE	OZA27115.1	80.488	205	40	0	633	19	824	1028	1.19e-100	325
SEQUENCE_TEMPLATE	HWR20446.1	82.843	204	35	0	633	22	65	268	1.59e-100	303
SEQUENCE_TEMPLATE	WP_328516393.1	99.367	158	1	0	546	73	1	158	1.81e-99	296
SEQUENCE_TEMPLATE	MDP2129232.1	78.325	203	44	0	630	22	823	1025	1.67e-97	317
SEQUENCE_TEMPLATE	CAM5409059.1	78.607	201	43	0	624	22	526	726	2.29e-97	310
SEQUENCE_TEMPLATE	MHS2642925.1	78.818	203	43	0	630	22	824	1026	2.20e-96	313
SEQUENCE_TEMPLATE	WP_027558116.1	76.961	204	47	0	633	22	822	1025	3.43e-96	313
SEQUENCE_TEMPLATE	WP_152102956.1	75.980	204	49	0	633	22	822	1025	4.65e-95	310
SEQUENCE_TEMPLATE	WP_230018091.1	78.607	201	43	0	624	22	824	1024	5.70e-95	310
SEQUENCE_TEMPLATE	WP_148717157.1	76.355	203	48	0	627	19	826	1028	1.35e-94	309
SEQUENCE_TEMPLATE	WP_261668029.1	78.218	202	44	0	627	22	825	1026	2.39e-94	308
SEQUENCE_TEMPLATE	MDE3072309.1	78.818	203	43	0	630	22	822	1024	3.14e-94	308
SEQUENCE_TEMPLATE	WP_445228504.1	78.607	201	43	0	624	22	823	1023	1.72e-93	306
SEQUENCE_TEMPLATE	MHT8554631.1	80.296	203	40	0	630	22	821	1023	5.36e-93	304
SEQUENCE_TEMPLATE	WP_326542071.1	76.471	204	48	0	630	19	822	1025	5.67e-93	304
SEQUENCE_TEMPLATE	MEJ2800316.1	77.228	202	46	0	627	22	826	1027	6.54e-93	304
SEQUENCE_TEMPLATE	WP_092130872.1	74.752	202	51	0	627	22	825	1026	1.49e-92	303
SEQUENCE_TEMPLATE	WP_353176569.1	77.612	201	45	0	624	22	823	1023	2.11e-92	303
SEQUENCE_TEMPLATE	WP_413329506.1	74.752	202	51	0	627	22	825	1026	2.66e-92	303
SEQUENCE_TEMPLATE	MFM0591619.1	70.443	203	60	0	630	22	88	290	3.26e-92	283
SEQUENCE_TEMPLATE	WP_425316977.1	70.098	204	61	0	630	19	111	314	3.51e-92	283
SEQUENCE_TEMPLATE	WP_316667401.1	76.961	204	46	1	633	22	864	1066	5.65e-92	302
SEQUENCE_TEMPLATE	WP_306456599.1	71.066	197	57	0	612	22	1	197	2.66e-91	277
SEQUENCE_TEMPLATE	WP_374005935.1	76.617	201	47	0	624	22	831	1031	5.48e-90	296
SEQUENCE_TEMPLATE	MFM0298728.1	75.000	204	50	1	633	22	825	1027	2.21e-89	295
SEQUENCE_TEMPLATE	WP_429404561.1	75.000	204	50	1	633	22	891	1093	5.71e-89	295
SEQUENCE_TEMPLATE	REE18640.1	74.510	204	51	1	633	22	829	1031	6.35e-89	293
SEQUENCE_TEMPLATE	WP_116148409.1	74.510	204	51	1	633	22	825	1027	7.57e-89	293
SEQUENCE_TEMPLATE	MHT8326465.1	74.146	205	52	1	633	19	823	1026	1.25e-88	293
SEQUENCE_TEMPLATE	WP_056439200.1	71.569	204	58	0	633	22	822	1025	1.27e-87	290
SEQUENCE_TEMPLATE	WP_481459758.1	72.059	204	57	0	630	19	821	1024	1.29e-87	290
SEQUENCE_TEMPLATE	PZP90619.1	73.399	203	52	1	624	22	825	1027	1.27e-86	287
SEQUENCE_TEMPLATE	WP_488433156.1	70.098	204	61	0	630	19	823	1026	1.41e-86	287
SEQUENCE_TEMPLATE	WP_472783024.1	70.098	204	61	0	630	19	823	1026	1.43e-86	287
SEQUENCE_TEMPLATE	WP_245965945.1	73.399	203	52	1	624	22	857	1059	1.72e-86	288
SEQUENCE_TEMPLATE	WP_241307600.1	70.792	202	59	0	627	22	826	1027	1.78e-86	287
SEQUENCE_TEMPLATE	WP_484573640.1	69.608	204	62	0	630	19	823	1026	5.19e-86	286
SEQUENCE_TEMPLATE	WP_490796986.1	69.608	204	62	0	630	19	823	1026	5.19e-86	286
SEQUENCE_TEMPLATE	WP_322268504.1	70.244	205	61	0	633	19	822	1026	2.09e-85	284
SEQUENCE_TEMPLATE	WP_042626682.1	72.772	202	54	1	633	28	825	1025	3.13e-85	284
SEQUENCE_TEMPLATE	AJK47074.1	72.772	202	54	1	633	28	829	1029	4.08e-85	283
SEQUENCE_TEMPLATE	ARM01935.1	68.627	204	63	1	633	22	80	282	4.74e-85	264
SEQUENCE_TEMPLATE	WP_232469768.1	68.627	204	63	1	633	22	124	326	9.09e-85	265
SEQUENCE_TEMPLATE	WP_145256648.1	70.244	205	61	0	633	19	822	1026	9.71e-85	282
SEQUENCE_TEMPLATE	WP_124433848.1	70.244	205	61	0	633	19	822	1026	1.26e-84	282
SEQUENCE_TEMPLATE	WP_429521233.1	69.756	205	62	0	633	19	822	1026	1.77e-84	281
SEQUENCE_TEMPLATE	WP_158828944.1	70.244	205	61	0	633	19	822	1026	1.94e-84	281
SEQUENCE_TEMPLATE	MFL9959402.1	68.473	203	63	1	630	22	141	342	2.15e-84	265
SEQUENCE_TEMPLATE	WP_193093661.1	71.287	202	57	1	633	28	825	1025	2.15e-84	281
SEQUENCE_TEMPLATE	WP_167657042.1	69.756	205	62	0	633	19	822	1026	2.26e-84	281
SEQUENCE_TEMPLATE	MHP5065424.1	71.782	202	56	1	633	28	786	986	2.41e-84	281
SEQUENCE_TEMPLATE	WP_105696564.1	69.756	205	62	0	633	19	822	1026	2.51e-84	281
SEQUENCE_TEMPLATE	WP_169378909.1	69.756	205	62	0	633	19	822	1026	2.72e-84	281
SEQUENCE_TEMPLATE	WP_150635273.1	69.756	205	62	0	633	19	822	1026	2.72e-84	281
SEQUENCE_TEMPLATE	WP_150750611.1	69.756	205	62	0	633	19	822	1026	3.05e-84	281
SEQUENCE_TEMPLATE	WP_306390078.1	71.429	203	58	0	627	19	825	1027	3.21e-84	281
SEQUENCE_TEMPLATE	VVP90857.1	69.756	205	62	0	633	19	827	1031	3.51e-84	281
SEQUENCE_TEMPLATE	WP_309919967.1	76.355	203	48	0	630	22	822	1024	8.35e-84	280
SEQUENCE_TEMPLATE	WP_116829621.1	69.118	204	63	0	630	19	823	1026	1.49e-83	279
SEQUENCE_TEMPLATE	WP_348054627.1	69.268	205	63	0	633	19	822	1026	1.63e-83	279
SEQUENCE_TEMPLATE	TAM08984.1	76.961	204	47	0	630	19	822	1025	2.78e-83	278
SEQUENCE_TEMPLATE	WP_192033149.1	70.098	204	61	0	633	22	822	1025	3.03e-83	278
SEQUENCE_TEMPLATE	HCF0862036.1	68.627	204	64	0	630	19	823	1026	6.82e-83	277
SEQUENCE_TEMPLATE	HEK2316678.1	68.627	204	64	0	630	19	823	1026	6.96e-83	277
SEQUENCE_TEMPLATE	WP_497678914.1	68.780	205	64	0	633	19	757	961	7.94e-83	276
SEQUENCE_TEMPLATE	HHK4224540.1	68.627	204	64	0	630	19	823	1026	8.47e-83	277
SEQUENCE_TEMPLATE	WP_226382746.1	68.137	204	64	1	633	22	257	459	9.40e-83	265
SEQUENCE_TEMPLATE	AXA91306.1	70.297	202	60	0	627	22	827	1028	1.28e-82	276
SEQUENCE_TEMPLATE	WP_462193707.1	68.627	204	64	0	630	19	823	1026	1.29e-82	276
SEQUENCE_TEMPLATE	HIV0867739.1	68.627	204	64	0	630	19	842	1045	1.86e-82	276
SEQUENCE_TEMPLATE	WP_157651418.1	70.647	201	58	1	624	22	426	625	2.62e-82	268
SEQUENCE_TEMPLATE	WP_310659195.1	68.780	205	64	0	633	19	822	1026	3.19e-82	275
SEQUENCE_TEMPLATE	WP_426203889.1	68.780	205	64	0	633	19	822	1026	3.25e-82	275
SEQUENCE_TEMPLATE	WP_230025833.1	67.647	204	66	0	633	22	825	1028	3.73e-82	275
SEQUENCE_TEMPLATE	WP_326838399.1	68.020	197	63	0	612	22	1	197	5.10e-82	253
SEQUENCE_TEMPLATE	WP_259434326.1	70.297	202	60	0	633	28	826	1027	6.90e-82	275
SEQUENCE_TEMPLATE	WP_027818432.1	69.802	202	60	1	633	28	825	1025	1.72e-81	273
SEQUENCE_TEMPLATE	WP_009974480.1	70.647	201	58	1	624	22	828	1027	2.13e-81	273
SEQUENCE_TEMPLATE	WP_110383290.1	70.149	201	59	1	624	22	828	1027	7.85e-81	272
SEQUENCE_TEMPLATE	MEX3556607.1	67.647	204	65	1	633	22	226	428	1.15e-80	258
SEQUENCE_TEMPLATE	HEY2921172.1	69.118	204	63	0	633	22	679	882	5.31e-80	267
SEQUENCE_TEMPLATE	WP_046570248.1	70.352	199	58	1	624	28	828	1025	5.39e-80	270
SEQUENCE_TEMPLATE	WP_111935504.1	68.966	203	62	1	630	22	826	1027	1.19e-79	268
SEQUENCE_TEMPLATE	WP_124550923.1	68.627	204	63	1	633	22	825	1027	1.26e-79	268
SEQUENCE_TEMPLATE	WP_059991447.1	70.647	201	58	1	624	22	828	1027	1.34e-79	268
SEQUENCE_TEMPLATE	WP_325753932.1	68.137	204	64	1	633	22	825	1027	4.73e-79	267
SEQUENCE_TEMPLATE	WP_440032145.1	70.352	199	58	1	624	28	693	890	5.93e-79	265
SEQUENCE_TEMPLATE	WP_065500305.1	68.627	204	63	1	633	22	825	1027	6.83e-79	266
SEQUENCE_TEMPLATE	WP_175710721.1	68.966	203	62	1	630	22	826	1027	7.73e-79	266
SEQUENCE_TEMPLATE	SOE98050.1	68.473	203	63	1	630	22	826	1027	1.26e-78	266
SEQUENCE_TEMPLATE	MHP5063370.1	73.267	202	53	1	633	28	825	1025	1.43e-78	266
SEQUENCE_TEMPLATE	WP_059720403.1	68.137	204	64	1	633	22	825	1027	1.63e-78	265
SEQUENCE_TEMPLATE	WP_167040730.1	68.137	204	64	1	633	22	832	1034	1.75e-78	265
SEQUENCE_TEMPLATE	WP_175963896.1	67.647	204	65	1	633	22	825	1027	1.81e-78	265
SEQUENCE_TEMPLATE	WP_447086012.1	68.137	204	64	1	633	22	825	1027	1.90e-78	265
SEQUENCE_TEMPLATE	WP_251118434.1	68.657	201	62	1	624	22	828	1027	1.96e-78	265
SEQUENCE_TEMPLATE	WP_442807824.1	68.627	204	63	1	633	22	808	1010	2.03e-78	265
SEQUENCE_TEMPLATE	WP_186116148.1	68.657	201	62	1	624	22	828	1027	2.53e-78	265
SEQUENCE_TEMPLATE	NOK56665.1	68.137	204	64	1	633	22	825	1027	2.56e-78	265
SEQUENCE_TEMPLATE	WP_038753070.1	68.137	204	64	1	633	22	825	1027	2.77e-78	265
SEQUENCE_TEMPLATE	WP_230968716.1	68.137	204	64	1	633	22	811	1013	2.85e-78	265
SEQUENCE_TEMPLATE	WP_212167968.1	67.647	204	65	1	633	22	825	1027	3.04e-78	265
SEQUENCE_TEMPLATE	WP_200039256.1	67.647	204	65	1	633	22	825	1027	3.17e-78	265
SEQUENCE_TEMPLATE	WP_085507438.1	68.137	204	64	1	633	22	825	1027	3.20e-78	265
SEQUENCE_TEMPLATE	WP_153477255.1	68.657	201	62	1	624	22	828	1027	3.23e-78	265
SEQUENCE_TEMPLATE	WP_124597203.1	68.137	204	64	1	633	22	825	1027	3.51e-78	265
SEQUENCE_TEMPLATE	WP_186025488.1	68.657	201	62	1	624	22	828	1027	3.54e-78	265
SEQUENCE_TEMPLATE	MDR4476443.1	68.137	204	65	0	633	22	827	1030	4.09e-78	265
SEQUENCE_TEMPLATE	WP_102611868.1	68.627	204	63	1	633	22	824	1026	6.55e-78	264
SEQUENCE_TEMPLATE	WP_186236132.1	68.657	201	62	1	624	22	828	1027	9.36e-78	263
SEQUENCE_TEMPLATE	WP_186073851.1	68.159	201	63	1	624	22	828	1027	9.85e-78	263
SEQUENCE_TEMPLATE	WP_186197575.1	68.342	199	62	1	624	28	828	1025	1.18e-77	263
SEQUENCE_TEMPLATE	WP_301787519.1	67.500	200	64	1	630	31	711	909	1.26e-77	261
SEQUENCE_TEMPLATE	WP_486394340.1	67.157	204	66	1	633	22	825	1027	1.54e-77	263
SEQUENCE_TEMPLATE	WP_092797993.1	66.176	204	69	0	633	22	826	1029	1.59e-77	263
SEQUENCE_TEMPLATE	WP_210570795.1	65.025	203	70	1	633	28	253	455	2.01e-77	251
SEQUENCE_TEMPLATE	WP_028224476.1	67.157	204	66	1	633	22	831	1033	3.48e-77	262
SEQUENCE_TEMPLATE	WP_413936113.1	67.647	204	66	0	633	22	827	1030	7.35e-77	261
SEQUENCE_TEMPLATE	MDD5261249.1	66.832	202	67	0	633	28	827	1028	1.56e-76	260
SEQUENCE_TEMPLATE	WP_163493666.1	70.936	203	59	0	630	22	824	1026	1.65e-76	260
SEQUENCE_TEMPLATE	WP_296484514.1	65.686	204	70	0	633	22	826	1029	4.42e-76	259
SEQUENCE_TEMPLATE	WP_296449130.1	65.854	205	69	1	633	22	826	1030	1.68e-75	257
SEQUENCE_TEMPLATE	KAB2960273.1	66.667	204	68	0	633	22	827	1030	1.95e-75	257
SEQUENCE_TEMPLATE	MCA9498575.1	66.667	204	68	0	633	22	827	1030	2.96e-75	257
SEQUENCE_TEMPLATE	MEP6879979.1	64.851	202	71	0	627	22	394	595	4.26e-75	248
SEQUENCE_TEMPLATE	MFJ1300698.1	64.706	204	72	0	633	22	827	1030	4.88e-75	256
SEQUENCE_TEMPLATE	WP_407830438.1	64.677	201	71	0	630	28	530	730	1.39e-74	250
SEQUENCE_TEMPLATE	WP_409374587.1	64.677	201	71	0	630	28	530	730	1.42e-74	250
SEQUENCE_TEMPLATE	MCW5255864.1	64.677	201	71	0	630	28	541	741	1.76e-74	250
SEQUENCE_TEMPLATE	WP_409375020.1	64.677	201	71	0	630	28	541	741	1.87e-74	250
SEQUENCE_TEMPLATE	WP_138927983.1	64.677	201	71	0	630	28	541	741	1.95e-74	250
SEQUENCE_TEMPLATE	WP_313370458.1	64.706	204	72	0	633	22	827	1030	3.27e-74	254
SEQUENCE_TEMPLATE	MBU0509012.1	66.502	203	67	1	633	28	826	1028	3.76e-74	254
SEQUENCE_TEMPLATE	TAM59398.1	65.517	203	69	1	633	28	828	1030	1.34e-73	252
SEQUENCE_TEMPLATE	WP_148729059.1	62.255	204	77	0	633	22	827	1030	2.43e-72	249
SEQUENCE_TEMPLATE	MEO7493424.1	66.176	204	69	0	633	22	171	374	2.53e-72	235
SEQUENCE_TEMPLATE	MDO8944264.1	66.176	204	69	0	633	22	130	333	2.61e-72	234
SEQUENCE_TEMPLATE	HEX4996922.1	64.216	204	73	0	633	22	826	1029	7.50e-72	247
SEQUENCE_TEMPLATE	MCK4394221.1	58.911	202	81	2	624	22	165	365	3.74e-71	232
SEQUENCE_TEMPLATE	MEO6563270.1	69.186	172	53	0	537	22	2	173	7.32e-71	224
SEQUENCE_TEMPLATE	WP_143432990.1	65.196	204	71	0	633	22	234	437	7.75e-71	233
SEQUENCE_TEMPLATE	TAK86128.1	67.488	203	66	0	630	22	538	740	2.86e-70	239
SEQUENCE_TEMPLATE	WP_442909829.1	63.725	204	71	2	627	19	843	1044	3.18e-70	243
SEQUENCE_TEMPLATE	WP_244106759.1	78.912	147	31	0	462	22	1	147	3.29e-70	222
SEQUENCE_TEMPLATE	MBK9386037.1	67.647	204	65	1	633	22	827	1029	3.91e-70	243
SEQUENCE_TEMPLATE	WP_161040922.1	66.667	204	68	0	633	22	538	741	5.40e-70	238
SEQUENCE_TEMPLATE	WP_277574097.1	67.980	203	65	0	630	22	828	1030	5.60e-70	242
SEQUENCE_TEMPLATE	WP_131659065.1	67.980	203	65	0	630	22	828	1030	6.01e-70	242
SEQUENCE_TEMPLATE	WP_354275689.1	67.980	203	65	0	630	22	828	1030	6.08e-70	242
SEQUENCE_TEMPLATE	WP_236870707.1	78.231	147	32	0	462	22	1	147	9.49e-70	221
SEQUENCE_TEMPLATE	WP_212579535.1	67.980	203	65	0	630	22	828	1030	1.06e-69	241
SEQUENCE_TEMPLATE	WP_167705246.1	67.980	203	65	0	630	22	828	1030	1.08e-69	241
SEQUENCE_TEMPLATE	WP_127158857.1	67.980	203	65	0	630	22	828	1030	1.10e-69	241
SEQUENCE_TEMPLATE	WP_166768420.1	67.980	203	65	0	630	22	828	1030	1.10e-69	241
SEQUENCE_TEMPLATE	WP_325382591.1	61.137	211	81	1	633	4	826	1036	1.25e-69	241
SEQUENCE_TEMPLATE	MFE8643921.1	67.647	204	66	0	633	22	827	1030	1.27e-69	241
SEQUENCE_TEMPLATE	MID8903632.1	67.488	203	66	0	630	22	828	1030	1.54e-69	241
SEQUENCE_TEMPLATE	MCB1483423.1	63.235	204	72	2	627	19	827	1028	1.55e-69	241
SEQUENCE_TEMPLATE	WP_339207344.1	66.176	204	69	0	633	22	827	1030	2.08e-69	241
SEQUENCE_TEMPLATE	WP_064239414.1	66.176	204	69	0	633	22	827	1030	2.19e-69	241
SEQUENCE_TEMPLATE	WP_478440590.1	66.176	204	69	0	633	22	827	1030	2.37e-69	241
SEQUENCE_TEMPLATE	WP_104554455.1	67.157	204	67	0	633	22	827	1030	2.40e-69	241
SEQUENCE_TEMPLATE	MHO9447222.1	66.176	204	69	0	633	22	827	1030	2.70e-69	240
SEQUENCE_TEMPLATE	WP_322317106.1	67.157	204	67	0	633	22	825	1028	4.98e-69	239
SEQUENCE_TEMPLATE	WP_039428282.1	66.667	204	68	0	633	22	827	1030	5.31e-69	239
SEQUENCE_TEMPLATE	MIB4502588.1	66.667	204	68	0	633	22	827	1030	5.99e-69	239
SEQUENCE_TEMPLATE	WP_345785612.1	66.667	204	68	0	633	22	827	1030	6.83e-69	239
SEQUENCE_TEMPLATE	MEA9480543.1	66.667	204	68	0	633	22	788	991	6.99e-69	239
SEQUENCE_TEMPLATE	WP_481301396.1	66.667	204	68	0	633	22	827	1030	8.88e-69	239
SEQUENCE_TEMPLATE	MHC1742485.1	62.871	202	74	1	630	28	829	1030	2.59e-68	238
SEQUENCE_TEMPLATE	WP_291981378.1	66.176	204	69	0	633	22	824	1027	3.49e-68	237
SEQUENCE_TEMPLATE	WP_072453400.1	66.667	204	68	0	633	22	826	1029	3.50e-68	237
SEQUENCE_TEMPLATE	MFH2140552.1	65.686	204	70	0	633	22	824	1027	4.81e-68	237
SEQUENCE_TEMPLATE	WP_153098920.1	66.176	204	69	0	633	22	827	1030	5.54e-68	237
SEQUENCE_TEMPLATE	QDX81039.1	65.686	204	70	0	633	22	826	1029	6.73e-68	236
SEQUENCE_TEMPLATE	WP_104567853.1	66.176	204	69	0	633	22	827	1030	7.27e-68	236
SEQUENCE_TEMPLATE	WP_222428833.1	65.686	204	70	0	633	22	849	1052	8.23e-68	236
SEQUENCE_TEMPLATE	WP_060082706.1	65.686	204	70	0	633	22	827	1030	1.18e-67	236
SEQUENCE_TEMPLATE	WP_076039894.1	66.176	204	69	0	633	22	827	1030	1.61e-67	236
SEQUENCE_TEMPLATE	WP_143433101.1	63.725	204	74	0	633	22	324	527	1.65e-67	227
SEQUENCE_TEMPLATE	WP_263539097.1	66.176	204	69	0	633	22	827	1030	1.83e-67	235
SEQUENCE_TEMPLATE	WP_454757601.1	65.196	204	71	0	633	22	827	1030	4.14e-67	234
SEQUENCE_TEMPLATE	ODU58608.1	65.686	204	70	0	633	22	827	1030	4.39e-67	234
SEQUENCE_TEMPLATE	WP_175908089.1	65.196	204	71	0	633	22	827	1030	4.81e-67	234
SEQUENCE_TEMPLATE	MBN8924956.1	65.686	204	70	0	633	22	851	1054	4.95e-67	234
SEQUENCE_TEMPLATE	WP_483507315.1	65.196	204	71	0	633	22	827	1030	5.94e-67	234
SEQUENCE_TEMPLATE	RTL23977.1	65.686	204	70	0	633	22	827	1030	7.48e-67	234
SEQUENCE_TEMPLATE	MFP5401507.1	65.686	204	70	0	633	22	827	1030	8.11e-67	233
SEQUENCE_TEMPLATE	WP_465242282.1	65.686	204	70	0	633	22	827	1030	8.27e-67	233
SEQUENCE_TEMPLATE	MBF9263463.1	65.686	204	70	0	633	22	827	1030	8.35e-67	233
SEQUENCE_TEMPLATE	MEZ7910185.1	65.686	204	70	0	633	22	850	1053	8.88e-67	234
SEQUENCE_TEMPLATE	WP_288022072.1	65.686	204	70	0	633	22	850	1053	8.88e-67	234
SEQUENCE_TEMPLATE	WP_046549420.1	65.196	204	71	0	633	22	827	1030	9.91e-67	233
SEQUENCE_TEMPLATE	WP_426687610.1	65.686	204	70	0	633	22	827	1030	1.70e-66	233
SEQUENCE_TEMPLATE	WP_377330155.1	65.686	204	70	0	633	22	827	1030	2.12e-66	232
SEQUENCE_TEMPLATE	MCJ7604055.1	60.396	202	78	2	624	22	759	959	2.72e-66	231
SEQUENCE_TEMPLATE	WP_059948300.1	65.196	204	71	0	633	22	827	1030	3.05e-66	232
SEQUENCE_TEMPLATE	WP_060175419.1	65.196	204	71	0	633	22	827	1030	3.08e-66	232
SEQUENCE_TEMPLATE	WP_488837582.1	64.706	204	72	0	633	22	827	1030	4.12e-66	231
SEQUENCE_TEMPLATE	WP_463970156.1	59.606	203	79	2	627	28	827	1029	5.71e-66	231
SEQUENCE_TEMPLATE	WP_301775312.1	65.196	204	71	0	633	22	827	1030	5.91e-66	231
SEQUENCE_TEMPLATE	WP_445545859.1	65.196	204	71	0	633	22	827	1030	7.74e-66	231
SEQUENCE_TEMPLATE	WP_071540026.1	64.216	204	73	0	633	22	824	1027	1.64e-65	230
SEQUENCE_TEMPLATE	WP_297900562.1	64.706	204	72	0	633	22	827	1030	2.42e-65	229
SEQUENCE_TEMPLATE	WP_310284582.1	63.725	204	74	0	633	22	826	1029	2.61e-65	229
SEQUENCE_TEMPLATE	WP_039423808.1	74.847	163	41	0	510	22	1	163	8.45e-65	209
SEQUENCE_TEMPLATE	WP_241688117.1	69.540	174	52	1	633	112	825	997	3.10e-64	226
SEQUENCE_TEMPLATE	WP_176016978.1	55.000	200	89	1	624	28	79	278	3.78e-64	211
SEQUENCE_TEMPLATE	MGD0275339.1	58.128	203	81	3	624	22	833	1033	5.56e-64	226
SEQUENCE_TEMPLATE	MBW1786614.1	58.000	200	82	2	618	22	829	1027	7.48e-64	225
SEQUENCE_TEMPLATE	HET8580588.1	55.000	200	88	2	624	28	182	380	7.87e-63	211
SEQUENCE_TEMPLATE	MCR4286570.1	61.212	165	63	1	519	28	1	165	1.21e-62	203
SEQUENCE_TEMPLATE	MFA6455290.1	54.854	206	92	1	633	19	816	1021	4.78e-62	220
SEQUENCE_TEMPLATE	KWH47781.1	55.000	200	89	1	624	28	394	593	1.21e-61	213
SEQUENCE_TEMPLATE	MBW2164817.1	54.854	206	90	2	633	19	817	1020	3.12e-61	218
SEQUENCE_TEMPLATE	KVM94751.1	55.000	200	89	1	624	28	472	671	6.30e-61	213
SEQUENCE_TEMPLATE	MCP4623262.1	53.500	200	90	2	624	28	242	439	8.41e-61	207
SEQUENCE_TEMPLATE	KVZ16781.1	55.000	200	89	1	624	28	472	671	1.14e-60	212
SEQUENCE_TEMPLATE	KVG59954.1	55.000	200	89	1	624	28	472	671	1.93e-60	212
SEQUENCE_TEMPLATE	MBW2169496.1	56.650	203	85	2	633	28	645	845	1.99e-60	214
SEQUENCE_TEMPLATE	MCF7809329.1	54.455	202	90	2	624	22	827	1027	2.60e-60	216
SEQUENCE_TEMPLATE	MCG2758462.1	56.650	203	85	2	633	28	813	1013	2.80e-60	215
SEQUENCE_TEMPLATE	HET8563804.1	63.871	155	55	1	489	28	1	155	3.14e-60	197
SEQUENCE_TEMPLATE	KAA3608629.1	54.680	203	88	3	624	22	836	1036	3.81e-60	215
SEQUENCE_TEMPLATE	RSL18663.1	62.112	161	60	1	504	25	2	162	5.01e-60	197
SEQUENCE_TEMPLATE	MBU4374087.1	55.665	203	87	2	633	28	699	899	5.44e-60	214
SEQUENCE_TEMPLATE	MHY9216402.1	56.158	203	85	3	624	22	827	1027	6.09e-60	214
SEQUENCE_TEMPLATE	MBW2034914.1	56.650	203	85	2	633	28	814	1014	6.62e-60	214
SEQUENCE_TEMPLATE	WP_174431309.1	55.000	200	89	1	624	28	828	1027	6.76e-60	214
SEQUENCE_TEMPLATE	WP_155628870.1	55.000	200	89	1	624	28	827	1026	1.78e-59	213
SEQUENCE_TEMPLATE	WP_155651087.1	55.000	200	89	1	624	28	827	1026	1.93e-59	213
SEQUENCE_TEMPLATE	MFM0072529.1	53.960	202	92	1	630	28	825	1026	2.17e-59	213
SEQUENCE_TEMPLATE	WP_155704520.1	55.000	200	89	1	624	28	827	1026	2.21e-59	213
SEQUENCE_TEMPLATE	MGA1984551.1	55.495	182	78	2	570	28	34	213	2.23e-59	197
SEQUENCE_TEMPLATE	WP_318828646.1	55.000	200	89	1	624	28	827	1026	2.57e-59	213
SEQUENCE_TEMPLATE	WP_155741655.1	55.000	200	89	1	624	28	827	1026	4.05e-59	212
SEQUENCE_TEMPLATE	WP_408733269.1	55.000	200	89	1	624	28	827	1026	4.09e-59	212
SEQUENCE_TEMPLATE	WP_252836616.1	55.000	200	89	1	624	28	827	1026	7.12e-59	211
SEQUENCE_TEMPLATE	KAF5427661.1	54.455	202	89	3	630	28	487	686	7.12e-59	208
SEQUENCE_TEMPLATE	WP_321929183.1	55.276	199	88	1	615	22	830	1028	9.48e-59	211
SEQUENCE_TEMPLATE	HKB69121.1	57.868	197	80	2	615	28	822	1016	9.65e-59	211
SEQUENCE_TEMPLATE	WP_143263654.1	55.276	199	88	1	615	22	830	1028	9.77e-59	211
SEQUENCE_TEMPLATE	MEA3437375.1	53.398	206	93	2	633	19	817	1020	2.11e-58	210
SEQUENCE_TEMPLATE	WP_155808057.1	49.510	204	99	2	630	22	18	218	3.88e-58	194
SEQUENCE_TEMPLATE	MGE5485298.1	54.187	203	88	3	624	22	603	802	4.06e-58	207
SEQUENCE_TEMPLATE	MCY4361311.1	51.000	200	95	2	624	28	587	784	1.20e-57	206
SEQUENCE_TEMPLATE	MGH7783047.1	53.500	200	91	2	624	28	69	267	2.11e-57	194
SEQUENCE_TEMPLATE	HEV2693400.1	57.377	183	76	2	570	25	834	1015	2.16e-57	207
SEQUENCE_TEMPLATE	MHY6062452.1	51.961	204	95	3	624	19	50	252	2.27e-57	193
SEQUENCE_TEMPLATE	MHC4396796.1	54.187	203	92	1	624	19	825	1027	2.31e-57	207
SEQUENCE_TEMPLATE	WP_155005834.1	55.789	190	80	3	591	28	830	1017	3.03e-57	207
SEQUENCE_TEMPLATE	MCI5119886.1	52.261	199	93	2	615	22	308	505	4.92e-57	199
SEQUENCE_TEMPLATE	MGH7872844.1	53.500	200	91	2	624	28	112	310	5.46e-57	194
SEQUENCE_TEMPLATE	MDP2886321.1	53.465	202	88	3	624	28	817	1015	6.35e-57	206
SEQUENCE_TEMPLATE	OVE73405.1	51.256	199	95	2	615	22	66	263	9.48e-57	192
SEQUENCE_TEMPLATE	MGH8059878.1	52.000	200	94	2	624	28	109	307	9.93e-57	193
SEQUENCE_TEMPLATE	MFM6927213.1	51.980	202	92	2	630	28	814	1011	1.31e-56	205
SEQUENCE_TEMPLATE	HSU52475.1	54.726	201	83	4	624	28	172	366	1.33e-56	194
SEQUENCE_TEMPLATE	WP_462805079.1	47.115	208	104	3	633	19	69	273	2.42e-56	191
SEQUENCE_TEMPLATE	MHM5722838.1	52.000	200	94	2	624	28	825	1023	2.58e-56	204
SEQUENCE_TEMPLATE	MCF8976103.1	53.234	201	93	1	624	25	117	317	2.61e-56	192
SEQUENCE_TEMPLATE	MGD0827182.1	52.475	202	93	2	630	28	814	1013	2.86e-56	204
SEQUENCE_TEMPLATE	WP_072768037.1	53.000	200	93	1	624	28	825	1024	3.72e-56	204
SEQUENCE_TEMPLATE	MHC4403962.1	52.970	202	91	3	624	25	423	622	5.10e-56	199
SEQUENCE_TEMPLATE	WP_253549274.1	51.000	200	97	1	624	28	827	1026	7.24e-56	203
SEQUENCE_TEMPLATE	MDH4128689.1	46.829	205	106	3	633	22	123	325	1.11e-55	191
SEQUENCE_TEMPLATE	QDS89592.1	52.525	198	92	2	615	25	661	857	1.16e-55	201
SEQUENCE_TEMPLATE	MBN1391896.1	51.942	206	98	1	624	10	821	1026	1.40e-55	202
SEQUENCE_TEMPLATE	MDX2110196.1	53.500	200	90	2	624	28	820	1017	1.43e-55	202
SEQUENCE_TEMPLATE	MCL4797745.1	53.202	203	92	2	633	28	793	993	1.46e-55	202
SEQUENCE_TEMPLATE	HVZ64197.1	52.451	204	91	3	630	28	815	1015	1.60e-55	202
SEQUENCE_TEMPLATE	MEA3468385.1	50.000	204	100	2	630	22	71	273	1.61e-55	189
SEQUENCE_TEMPLATE	WP_391556706.1	52.525	198	92	2	615	25	765	961	2.31e-55	201
SEQUENCE_TEMPLATE	MCY2926089.1	55.670	194	85	1	603	25	521	714	3.09e-55	199
SEQUENCE_TEMPLATE	MHB1758104.1	53.000	200	93	1	624	28	817	1016	4.46e-55	201
SEQUENCE_TEMPLATE	MCC0567551.1	49.510	204	99	2	630	22	349	549	5.48e-55	195
SEQUENCE_TEMPLATE	MCK4731733.1	49.505	202	99	2	624	22	178	377	5.65e-55	191
SEQUENCE_TEMPLATE	MGD0399959.1	51.942	206	96	2	633	19	838	1041	5.75e-55	201
SEQUENCE_TEMPLATE	NWH07803.1	52.406	187	87	2	585	28	67	252	6.11e-55	187
SEQUENCE_TEMPLATE	MCX6590096.1	54.000	200	86	2	624	28	845	1039	6.61e-55	200
SEQUENCE_TEMPLATE	MBU2028229.1	51.724	203	95	2	633	28	813	1013	9.15e-55	200
SEQUENCE_TEMPLATE	MBI2478992.1	50.754	199	94	3	615	25	399	595	1.11e-54	195
SEQUENCE_TEMPLATE	MIB1678412.1	50.505	198	94	3	615	28	168	363	1.11e-54	189
SEQUENCE_TEMPLATE	MFH1912587.1	51.724	203	95	2	633	28	771	971	1.18e-54	199
SEQUENCE_TEMPLATE	MFH2074758.1	51.724	203	95	2	633	28	771	971	1.23e-54	199
SEQUENCE_TEMPLATE	WP_157636102.1	61.006	159	61	1	501	28	5	163	1.94e-54	182
SEQUENCE_TEMPLATE	MDW7711175.1	52.000	200	94	2	624	28	214	412	2.82e-54	190
SEQUENCE_TEMPLATE	MDP8201835.1	46.948	213	101	4	627	4	408	613	2.98e-54	194
SEQUENCE_TEMPLATE	WP_125932045.1	54.774	199	88	2	621	28	825	1022	3.16e-54	198
SEQUENCE_TEMPLATE	MBU1627303.1	50.990	202	97	2	624	22	768	968	3.35e-54	198
SEQUENCE_TEMPLATE	RYE39592.1	50.761	197	95	2	615	28	205	400	3.78e-54	190
SEQUENCE_TEMPLATE	HOG98100.1	46.535	202	106	2	624	22	9	209	3.87e-54	183
SEQUENCE_TEMPLATE	MGI9071245.1	53.431	204	88	3	630	28	813	1012	4.88e-54	198
SEQUENCE_TEMPLATE	HAL55789.1	52.792	197	91	2	615	28	208	403	6.29e-54	189
SEQUENCE_TEMPLATE	MBL7223219.1	52.709	203	86	3	615	22	739	936	6.36e-54	197
SEQUENCE_TEMPLATE	MHB0991716.1	76.429	140	33	0	441	22	1	140	6.43e-54	180
SEQUENCE_TEMPLATE	WP_429581113.1	50.990	202	98	1	630	28	825	1026	1.09e-53	197
SEQUENCE_TEMPLATE	MDR4485394.1	51.741	201	95	2	627	28	806	1005	1.15e-53	197
SEQUENCE_TEMPLATE	WP_446992419.1	57.071	198	75	3	597	19	540	732	1.18e-53	195
SEQUENCE_TEMPLATE	MCZ6777158.1	52.970	202	92	2	630	28	801	1000	1.40e-53	196
SEQUENCE_TEMPLATE	MGD0460738.1	43.350	203	113	2	630	25	109	310	1.84e-53	185
SEQUENCE_TEMPLATE	WP_366996944.1	60.377	159	62	1	501	28	12	170	2.11e-53	180
SEQUENCE_TEMPLATE	MDD5679377.1	52.451	204	90	3	630	28	814	1013	2.74e-53	196
SEQUENCE_TEMPLATE	MEW4522166.1	60.377	159	62	1	501	28	19	177	3.23e-53	180
SEQUENCE_TEMPLATE	MDP2296130.1	51.741	201	95	2	627	28	835	1034	4.26e-53	195
SEQUENCE_TEMPLATE	MEI2719688.1	49.505	202	100	2	627	25	810	1010	4.56e-53	195
SEQUENCE_TEMPLATE	MCU1242508.1	49.754	203	100	2	630	25	749	950	5.33e-53	194
SEQUENCE_TEMPLATE	MDD2636976.1	54.822	197	88	1	615	28	821	1017	5.56e-53	195
SEQUENCE_TEMPLATE	WP_342623662.1	53.731	201	92	1	624	25	831	1031	5.64e-53	195
SEQUENCE_TEMPLATE	EKF9168784.1	60.377	159	62	1	501	28	56	214	5.80e-53	181
SEQUENCE_TEMPLATE	MFG6693212.1	50.990	202	98	1	627	25	348	549	5.81e-53	189
SEQUENCE_TEMPLATE	MHY5824840.1	50.246	203	99	2	624	22	563	765	5.83e-53	193
SEQUENCE_TEMPLATE	MCW5690803.1	52.020	198	93	2	615	25	812	1008	6.52e-53	194
SEQUENCE_TEMPLATE	HEX7684057.1	76.613	124	29	0	414	43	1	124	7.34e-53	177
SEQUENCE_TEMPLATE	MEZ6016073.1	52.000	200	90	2	624	28	833	1027	7.89e-53	194
SEQUENCE_TEMPLATE	MEY2494303.1	51.010	198	95	2	618	28	763	959	8.01e-53	194
SEQUENCE_TEMPLATE	WP_323262944.1	47.739	199	101	2	615	22	120	316	8.57e-53	183
SEQUENCE_TEMPLATE	CDH47119.1	52.970	202	85	3	624	28	833	1027	9.08e-53	194
SEQUENCE_TEMPLATE	MGH6689150.1	48.276	203	99	4	627	28	30	229	9.78e-53	180
SEQUENCE_TEMPLATE	WP_242333311.1	50.000	202	99	2	630	28	821	1021	9.88e-53	194
SEQUENCE_TEMPLATE	MGR6020615.1	51.691	207	91	4	621	19	296	499	1.04e-52	188
SEQUENCE_TEMPLATE	WP_475271550.1	53.731	201	92	1	624	25	831	1031	1.07e-52	194
SEQUENCE_TEMPLATE	MEO6194408.1	51.759	199	94	2	615	22	770	967	1.10e-52	194
SEQUENCE_TEMPLATE	MFN8712464.1	49.761	209	99	3	621	13	165	373	1.13e-52	184
SEQUENCE_TEMPLATE	WP_476249349.1	53.731	201	92	1	624	25	831	1031	1.15e-52	194
SEQUENCE_TEMPLATE	WP_339205244.1	52.941	204	92	2	630	22	803	1003	1.16e-52	194
SEQUENCE_TEMPLATE	MHS6519912.1	52.000	200	94	2	624	28	354	552	1.42e-52	189
SEQUENCE_TEMPLATE	TLD43036.1	51.000	200	96	2	624	28	38	236	1.46e-52	180
SEQUENCE_TEMPLATE	WP_210280532.1	54.589	207	84	3	624	19	822	1023	1.47e-52	194
SEQUENCE_TEMPLATE	MBA9036772.1	54.589	207	84	3	624	19	828	1029	1.47e-52	194
SEQUENCE_TEMPLATE	HEY6184095.1	56.757	185	76	3	573	28	598	781	1.59e-52	192
SEQUENCE_TEMPLATE	WP_460091769.1	53.731	201	92	1	624	25	831	1031	1.59e-52	194
SEQUENCE_TEMPLATE	MHY1531976.1	49.010	202	99	2	630	28	281	479	1.60e-52	187
SEQUENCE_TEMPLATE	MEJ0080849.1	51.741	201	91	4	615	22	363	560	1.61e-52	189
SEQUENCE_TEMPLATE	WP_461981758.1	53.731	201	92	1	624	25	831	1031	1.61e-52	194
SEQUENCE_TEMPLATE	MDP1678650.1	50.971	206	95	4	627	25	820	1024	1.68e-52	193
SEQUENCE_TEMPLATE	MCK5022146.1	51.244	201	96	1	630	28	688	886	1.76e-52	193
SEQUENCE_TEMPLATE	MDP2345751.1	52.284	197	86	1	615	25	802	990	1.79e-52	193
SEQUENCE_TEMPLATE	MHW5559724.1	50.543	184	89	2	576	28	18	200	1.81e-52	179
SEQUENCE_TEMPLATE	MDR3214455.1	51.000	200	92	2	624	28	887	1081	2.03e-52	193
SEQUENCE_TEMPLATE	MHW4561125.1	50.543	184	89	2	576	28	24	206	2.41e-52	179
SEQUENCE_TEMPLATE	MGE4432046.1	47.761	201	99	3	618	19	66	261	2.45e-52	180
SEQUENCE_TEMPLATE	MIG0011955.1	52.941	204	92	2	630	22	802	1002	2.66e-52	193
SEQUENCE_TEMPLATE	WP_416251547.1	48.039	204	96	3	627	25	81	277	2.69e-52	181
SEQUENCE_TEMPLATE	MDF5376996.1	50.249	201	94	2	627	28	63	258	2.78e-52	180
SEQUENCE_TEMPLATE	WP_207398126.1	54.645	183	81	2	570	25	780	961	2.82e-52	192
SEQUENCE_TEMPLATE	HXB64818.1	50.500	200	97	2	624	28	810	1008	3.08e-52	193
SEQUENCE_TEMPLATE	MBS0351616.1	50.000	200	97	3	624	28	343	540	3.30e-52	187
SEQUENCE_TEMPLATE	MEM7737670.1	52.000	200	94	2	624	28	755	953	3.34e-52	192
SEQUENCE_TEMPLATE	WP_346763504.1	60.377	159	62	1	501	28	75	233	3.38e-52	179
SEQUENCE_TEMPLATE	MFN5390535.1	46.970	198	102	2	615	25	3	198	3.72e-52	178
SEQUENCE_TEMPLATE	WP_236460162.1	53.234	201	93	1	624	25	831	1031	3.96e-52	192
SEQUENCE_TEMPLATE	MBX3320981.1	50.249	201	98	2	627	28	806	1005	4.03e-52	192
SEQUENCE_TEMPLATE	HEY7248511.1	53.886	193	83	3	597	28	556	745	4.09e-52	191
SEQUENCE_TEMPLATE	MIB5727385.1	52.736	201	94	1	624	25	830	1030	4.19e-52	192
SEQUENCE_TEMPLATE	MDO9605034.1	50.746	201	97	2	624	25	52	251	4.50e-52	179
SEQUENCE_TEMPLATE	MDO9146923.1	50.746	201	97	2	624	25	55	254	4.91e-52	179
SEQUENCE_TEMPLATE	MDC1205477.1	52.604	192	88	2	585	19	844	1035	5.10e-52	192
SEQUENCE_TEMPLATE	QXI56045.1	53.234	201	93	1	624	25	782	982	5.69e-52	192
SEQUENCE_TEMPLATE	MHY2790623.1	51.741	201	95	2	624	25	790	989	5.75e-52	192
SEQUENCE_TEMPLATE	WP_225936088.1	53.234	201	93	1	624	25	831	1031	5.96e-52	192
SEQUENCE_TEMPLATE	WP_458131022.1	53.234	201	93	1	624	25	831	1031	6.39e-52	192
SEQUENCE_TEMPLATE	MCJ7581754.1	48.768	203	102	2	627	22	754	955	6.76e-52	191
SEQUENCE_TEMPLATE	WP_105409783.1	53.922	204	90	3	630	22	802	1002	7.46e-52	192
SEQUENCE_TEMPLATE	WP_377064186.1	51.282	195	91	2	603	22	832	1023	7.65e-52	192
SEQUENCE_TEMPLATE	RIK66929.1	52.261	199	93	2	615	22	762	959	8.07e-52	191
SEQUENCE_TEMPLATE	MGH6710216.1	52.020	198	85	3	597	19	466	658	8.20e-52	189
SEQUENCE_TEMPLATE	MDZ4696386.1	51.244	201	90	3	624	28	833	1027	8.20e-52	191
SEQUENCE_TEMPLATE	MDO9585628.1	51.892	185	87	2	573	22	39	222	8.49e-52	178
SEQUENCE_TEMPLATE	MBI2712597.1	50.495	202	97	3	630	28	809	1008	8.84e-52	191
SEQUENCE_TEMPLATE	WP_488117512.1	53.234	201	93	1	624	25	874	1074	9.24e-52	191
SEQUENCE_TEMPLATE	KJR44357.1	49.010	202	101	2	624	22	394	594	9.27e-52	187
SEQUENCE_TEMPLATE	MDK1119150.1	51.010	198	93	3	615	28	783	978	9.68e-52	191
SEQUENCE_TEMPLATE	MHU9327728.1	53.234	201	93	1	624	25	831	1031	9.72e-52	191
SEQUENCE_TEMPLATE	MDR3577810.1	53.234	201	86	4	624	28	833	1027	1.01e-51	191
SEQUENCE_TEMPLATE	MDN3510591.1	52.000	200	94	2	624	28	193	391	1.07e-51	182
SEQUENCE_TEMPLATE	MGB3494235.1	49.505	202	100	2	630	28	825	1025	1.13e-51	191
SEQUENCE_TEMPLATE	MCB9935956.1	50.980	204	98	2	630	22	825	1027	1.18e-51	191
SEQUENCE_TEMPLATE	MBS0235171.1	49.500	200	99	2	624	28	810	1008	1.25e-51	191
SEQUENCE_TEMPLATE	MGH9436869.1	49.500	200	99	2	624	28	231	429	1.28e-51	183
SEQUENCE_TEMPLATE	WP_348983100.1	49.010	202	101	2	624	22	436	636	1.31e-51	188
SEQUENCE_TEMPLATE	WP_327566335.1	49.754	203	100	2	630	25	809	1010	1.38e-51	191
SEQUENCE_TEMPLATE	MHW3752746.1	50.543	184	89	2	576	28	79	261	1.54e-51	179
SEQUENCE_TEMPLATE	WP_265032103.1	53.234	201	93	1	624	25	831	1031	1.58e-51	191
SEQUENCE_TEMPLATE	VYU20267.1	51.351	185	86	3	576	28	87	269	1.71e-51	179
SEQUENCE_TEMPLATE	WP_496531516.1	53.234	201	93	1	624	25	831	1031	1.76e-51	191
SEQUENCE_TEMPLATE	WP_065260040.1	53.234	201	93	1	624	25	831	1031	1.85e-51	191
SEQUENCE_TEMPLATE	MHC4686161.1	47.549	204	105	2	630	22	758	960	1.91e-51	190
SEQUENCE_TEMPLATE	MGE4312892.1	49.010	202	101	2	630	28	810	1010	2.33e-51	190
SEQUENCE_TEMPLATE	WP_130606663.1	49.261	203	101	2	633	28	826	1027	2.45e-51	190
SEQUENCE_TEMPLATE	MGE0679935.1	50.495	202	98	2	624	22	813	1013	2.52e-51	190
SEQUENCE_TEMPLATE	WP_478071762.1	51.244	201	97	1	624	25	829	1029	2.52e-51	190
SEQUENCE_TEMPLATE	WP_460371493.1	52.736	201	94	1	624	25	831	1031	2.61e-51	190
SEQUENCE_TEMPLATE	MCK9202000.1	50.746	201	97	2	624	25	807	1006	2.71e-51	190
SEQUENCE_TEMPLATE	WP_463396489.1	52.736	201	94	1	624	25	831	1031	2.71e-51	190
SEQUENCE_TEMPLATE	WKZ18945.1	52.000	200	94	2	624	28	254	452	2.83e-51	183
SEQUENCE_TEMPLATE	WP_476308452.1	52.736	201	94	1	624	25	831	1031	2.85e-51	190
SEQUENCE_TEMPLATE	WP_156951648.1	53.608	194	82	3	597	28	816	1005	3.00e-51	190
SEQUENCE_TEMPLATE	WP_100771540.1	53.140	207	87	3	624	19	828	1029	3.03e-51	190
SEQUENCE_TEMPLATE	HEY0077818.1	50.000	200	96	2	615	19	827	1023	3.05e-51	190
SEQUENCE_TEMPLATE	MDQ3606169.1	52.381	189	87	2	588	25	1	187	3.05e-51	175
SEQUENCE_TEMPLATE	RYH36423.1	58.750	160	65	1	501	25	13	172	3.08e-51	175
SEQUENCE_TEMPLATE	MDT8067940.1	47.264	201	104	2	624	25	304	503	3.23e-51	184
SEQUENCE_TEMPLATE	UWU19486.1	52.525	198	84	3	597	19	803	995	3.31e-51	190
SEQUENCE_TEMPLATE	MDP2385699.1	51.485	202	97	1	624	22	810	1011	3.49e-51	190
SEQUENCE_TEMPLATE	HEV7163520.1	49.000	200	100	2	624	28	834	1032	3.53e-51	190
SEQUENCE_TEMPLATE	WP_353897374.1	49.000	200	96	2	624	28	805	999	3.54e-51	190
SEQUENCE_TEMPLATE	WP_177077998.1	52.239	201	95	1	624	25	830	1030	3.74e-51	190
SEQUENCE_TEMPLATE	KAB1082567.1	52.525	198	84	3	597	19	818	1010	3.74e-51	189
SEQUENCE_TEMPLATE	MDA9856590.1	54.211	190	85	2	570	4	777	965	3.77e-51	189
SEQUENCE_TEMPLATE	MCS3061706.1	50.267	187	91	2	585	28	135	320	3.84e-51	179
SEQUENCE_TEMPLATE	WP_070714181.1	50.249	201	98	2	627	28	825	1024	3.93e-51	189
SEQUENCE_TEMPLATE	WP_059733040.1	50.990	202	98	1	627	25	826	1027	4.30e-51	189
SEQUENCE_TEMPLATE	MBF3411158.1	50.990	202	98	1	627	25	826	1027	4.43e-51	189
SEQUENCE_TEMPLATE	WP_428020971.1	49.751	201	98	2	624	25	829	1027	4.43e-51	189
SEQUENCE_TEMPLATE	WP_229040225.1	50.543	184	89	2	576	28	134	316	5.21e-51	179
SEQUENCE_TEMPLATE	WP_212691912.1	46.040	202	104	3	627	25	8	205	5.82e-51	175
SEQUENCE_TEMPLATE	WP_176316674.1	50.495	202	99	1	627	25	826	1027	5.94e-51	189
SEQUENCE_TEMPLATE	WP_223817820.1	51.596	188	88	2	585	25	205	390	6.04e-51	181
SEQUENCE_TEMPLATE	WP_341047238.1	52.475	202	92	2	624	22	805	1003	6.09e-51	189
SEQUENCE_TEMPLATE	MBN6776105.1	52.239	201	95	1	624	25	782	982	6.13e-51	189
SEQUENCE_TEMPLATE	MEY2480730.1	49.010	202	101	2	624	22	814	1014	6.50e-51	189
SEQUENCE_TEMPLATE	MEO1529189.1	50.754	199	92	3	618	25	650	843	6.54e-51	188
SEQUENCE_TEMPLATE	WP_159440356.1	59.375	160	64	1	501	25	7	166	6.67e-51	174
SEQUENCE_TEMPLATE	WP_296669937.1	53.234	201	86	4	624	28	833	1027	6.97e-51	189
SEQUENCE_TEMPLATE	HGM8297377.1	49.754	203	95	4	624	25	55	253	7.03e-51	176
SEQUENCE_TEMPLATE	MGA7178895.1	49.254	201	100	2	627	28	793	992	7.12e-51	189
SEQUENCE_TEMPLATE	WP_130613347.1	48.515	202	99	2	630	28	817	1014	7.72e-51	189
SEQUENCE_TEMPLATE	WP_239007509.1	52.239	201	95	1	624	25	831	1031	7.78e-51	189
SEQUENCE_TEMPLATE	MCZ4090620.1	56.774	155	66	1	489	28	1	155	8.01e-51	173
SEQUENCE_TEMPLATE	MHY2586676.1	51.244	201	96	2	624	25	823	1022	8.21e-51	189
SEQUENCE_TEMPLATE	MHS6974759.1	52.000	200	94	2	624	28	760	958	8.32e-51	189
SEQUENCE_TEMPLATE	WP_156682461.1	51.351	185	86	3	576	28	134	316	8.37e-51	178
SEQUENCE_TEMPLATE	WP_449247123.1	53.927	191	85	2	597	28	770	958	9.07e-51	188
SEQUENCE_TEMPLATE	MEZ4512127.1	51.000	200	96	2	624	28	757	955	9.17e-51	188
SEQUENCE_TEMPLATE	WP_248160881.1	52.239	201	95	1	624	25	830	1030	1.07e-50	188
SEQUENCE_TEMPLATE	WP_042584590.1	50.495	202	99	1	627	25	826	1027	1.11e-50	188
SEQUENCE_TEMPLATE	MCK9194380.1	58.750	160	65	1	501	25	141	300	1.20e-50	177
SEQUENCE_TEMPLATE	NCS66748.1	56.545	191	81	2	597	28	820	1009	1.22e-50	188
SEQUENCE_TEMPLATE	WP_145057114.1	49.751	201	99	2	624	25	827	1026	1.24e-50	188
SEQUENCE_TEMPLATE	MFQ7088476.1	51.351	185	86	3	576	28	152	334	1.30e-50	178
SEQUENCE_TEMPLATE	WP_406873349.1	51.515	198	86	3	597	19	818	1010	1.32e-50	188
SEQUENCE_TEMPLATE	MCK9386726.1	58.750	160	65	1	501	25	145	304	1.45e-50	177
SEQUENCE_TEMPLATE	EPF1846125.1	51.741	201	96	1	624	25	446	646	1.47e-50	185
SEQUENCE_TEMPLATE	MCS0706248.1	52.709	203	88	3	627	28	780	977	1.47e-50	188
SEQUENCE_TEMPLATE	WP_343829455.1	52.709	203	88	3	627	28	829	1026	1.52e-50	188
SEQUENCE_TEMPLATE	WP_287010435.1	56.213	169	72	2	531	28	106	273	1.53e-50	176
SEQUENCE_TEMPLATE	WP_416790458.1	52.736	201	94	1	624	25	831	1031	1.54e-50	188
SEQUENCE_TEMPLATE	MEO4926953.1	46.535	202	99	2	612	22	64	261	1.65e-50	176
SEQUENCE_TEMPLATE	MFZ1990664.1	49.010	202	101	2	630	28	768	968	1.65e-50	187
SEQUENCE_TEMPLATE	RYZ91081.1	50.244	205	100	2	633	22	760	963	1.76e-50	187
SEQUENCE_TEMPLATE	EFV67395.1	46.535	202	99	2	612	22	84	281	1.78e-50	176
SEQUENCE_TEMPLATE	PKN68577.1	50.761	197	95	2	609	22	770	965	1.82e-50	187
SEQUENCE_TEMPLATE	WP_464870251.1	49.505	202	99	2	630	28	801	1000	2.03e-50	187
SEQUENCE_TEMPLATE	WP_159579842.1	50.251	199	95	2	621	28	822	1017	2.14e-50	187
SEQUENCE_TEMPLATE	WP_287313800.1	53.226	186	85	2	582	28	824	1008	2.47e-50	187
SEQUENCE_TEMPLATE	RWJ31918.1	53.226	186	85	2	582	28	839	1023	2.59e-50	187
SEQUENCE_TEMPLATE	PZM80385.1	52.239	201	89	3	624	28	810	1005	2.63e-50	187
SEQUENCE_TEMPLATE	NOT68582.1	50.249	201	98	2	624	25	807	1006	2.73e-50	187
SEQUENCE_TEMPLATE	MEE8114811.1	46.766	201	106	1	627	28	816	1016	2.78e-50	187
SEQUENCE_TEMPLATE	WP_130264762.1	51.741	201	96	1	624	25	831	1031	2.85e-50	187
SEQUENCE_TEMPLATE	MCW3074624.1	50.761	197	95	2	615	28	793	988	3.03e-50	187
SEQUENCE_TEMPLATE	MCB8968288.1	49.010	202	91	4	612	22	815	1009	3.04e-50	187
SEQUENCE_TEMPLATE	MHU4420291.1	52.850	193	87	3	585	13	775	965	3.18e-50	187
SEQUENCE_TEMPLATE	MHW6048831.1	50.543	184	89	2	576	28	228	410	3.98e-50	179
SEQUENCE_TEMPLATE	WP_015846309.1	48.768	203	102	2	633	28	824	1025	4.01e-50	187
SEQUENCE_TEMPLATE	WP_460489248.1	49.751	201	98	2	624	25	829	1027	4.18e-50	187
SEQUENCE_TEMPLATE	MEK6739332.1	50.761	197	95	2	615	28	768	963	4.59e-50	186
SEQUENCE_TEMPLATE	OHB73155.1	50.761	197	95	2	615	28	768	963	4.63e-50	186
SEQUENCE_TEMPLATE	WP_192526420.1	55.747	174	72	2	537	25	283	454	4.70e-50	180
SEQUENCE_TEMPLATE	WP_257311715.1	52.910	189	87	2	582	19	822	1009	4.70e-50	186
SEQUENCE_TEMPLATE	MBS1715562.1	50.000	202	99	2	624	22	755	955	5.07e-50	186
SEQUENCE_TEMPLATE	MCI5183593.1	50.490	204	99	2	630	22	789	991	5.53e-50	186
SEQUENCE_TEMPLATE	WP_128236027.1	52.910	189	87	2	582	19	822	1009	5.66e-50	186
SEQUENCE_TEMPLATE	HNO74230.1	49.254	201	99	2	624	25	829	1027	5.77e-50	186
SEQUENCE_TEMPLATE	MCI5114797.1	50.490	204	99	2	630	22	789	991	5.80e-50	186
SEQUENCE_TEMPLATE	HZT68397.1	48.515	202	102	2	624	22	758	958	5.94e-50	186
SEQUENCE_TEMPLATE	MGH9460488.1	48.276	203	99	4	627	28	321	520	6.54e-50	181
SEQUENCE_TEMPLATE	WP_366139418.1	49.751	201	98	2	624	25	829	1027	6.68e-50	186
SEQUENCE_TEMPLATE	MDY6911489.1	52.525	198	90	3	615	28	210	405	6.75e-50	178
