SEQUENCE_TEMPLATE	WP_155419121.1	100.000	205	0	0	661	47	2	206	2.56e-137	394
SEQUENCE_TEMPLATE	WP_197336017.1	100.000	205	0	0	661	47	493	697	4.66e-132	398
SEQUENCE_TEMPLATE	WP_039556474.1	100.000	205	0	0	661	47	824	1028	2.36e-128	398
SEQUENCE_TEMPLATE	EAP70927.1	100.000	205	0	0	661	47	837	1041	3.37e-128	398
SEQUENCE_TEMPLATE	WP_197341510.1	95.122	205	10	0	661	47	824	1028	1.20e-122	383
SEQUENCE_TEMPLATE	WP_483333563.1	91.707	205	17	0	661	47	523	727	1.29e-119	367
SEQUENCE_TEMPLATE	MDD5364773.1	93.171	205	14	0	661	47	824	1028	2.96e-119	374
SEQUENCE_TEMPLATE	WP_226245240.1	93.659	205	13	0	661	47	824	1028	3.36e-119	374
SEQUENCE_TEMPLATE	WP_426121805.1	92.195	205	16	0	661	47	824	1028	8.23e-118	370
SEQUENCE_TEMPLATE	WP_346474562.1	91.707	205	17	0	661	47	824	1028	1.52e-117	370
SEQUENCE_TEMPLATE	CAJ4481291.1	92.195	205	16	0	661	47	824	1028	2.04e-117	369
SEQUENCE_TEMPLATE	WP_105846596.1	92.195	205	16	0	661	47	824	1028	5.95e-117	368
SEQUENCE_TEMPLATE	WP_184849018.1	91.220	205	18	0	661	47	824	1028	6.14e-117	368
SEQUENCE_TEMPLATE	WP_284318900.1	91.707	205	17	0	661	47	824	1028	1.29e-116	367
SEQUENCE_TEMPLATE	MIC9060746.1	90.732	205	19	0	661	47	824	1028	6.91e-116	365
SEQUENCE_TEMPLATE	WP_251879717.1	90.732	205	19	0	661	47	824	1028	6.91e-116	365
SEQUENCE_TEMPLATE	MEQ1582141.1	86.829	205	27	0	661	47	446	650	4.53e-115	353
SEQUENCE_TEMPLATE	CEJ19155.1	100.000	176	0	0	574	47	1	176	8.36e-115	336
SEQUENCE_TEMPLATE	WP_444516452.1	87.745	204	25	0	661	50	824	1027	1.90e-111	353
SEQUENCE_TEMPLATE	WP_446327505.1	87.255	204	26	0	661	50	824	1027	9.41e-111	352
SEQUENCE_TEMPLATE	OZA27115.1	80.488	205	40	0	661	47	824	1028	1.70e-100	325
SEQUENCE_TEMPLATE	HWR20446.1	82.843	204	35	0	661	50	65	268	2.26e-100	303
SEQUENCE_TEMPLATE	WP_328516393.1	99.367	158	1	0	574	101	1	158	2.57e-99	296
SEQUENCE_TEMPLATE	MDP2129232.1	78.325	203	44	0	658	50	823	1025	2.37e-97	317
SEQUENCE_TEMPLATE	CAM5409059.1	78.607	201	43	0	652	50	526	726	3.26e-97	310
SEQUENCE_TEMPLATE	MHS2642925.1	78.818	203	43	0	658	50	824	1026	3.14e-96	313
SEQUENCE_TEMPLATE	WP_027558116.1	76.961	204	47	0	661	50	822	1025	4.89e-96	313
SEQUENCE_TEMPLATE	WP_152102956.1	75.980	204	49	0	661	50	822	1025	6.61e-95	310
SEQUENCE_TEMPLATE	WP_230018091.1	78.607	201	43	0	652	50	824	1024	8.11e-95	310
SEQUENCE_TEMPLATE	WP_148717157.1	76.355	203	48	0	655	47	826	1028	1.93e-94	309
SEQUENCE_TEMPLATE	WP_261668029.1	78.218	202	44	0	655	50	825	1026	3.40e-94	308
SEQUENCE_TEMPLATE	MDE3072309.1	78.818	203	43	0	658	50	822	1024	4.47e-94	308
SEQUENCE_TEMPLATE	WP_445228504.1	78.607	201	43	0	652	50	823	1023	2.45e-93	306
SEQUENCE_TEMPLATE	MHT8554631.1	80.296	203	40	0	658	50	821	1023	7.62e-93	304
SEQUENCE_TEMPLATE	WP_326542071.1	76.471	204	48	0	658	47	822	1025	8.06e-93	304
SEQUENCE_TEMPLATE	MEJ2800316.1	77.228	202	46	0	655	50	826	1027	9.30e-93	304
SEQUENCE_TEMPLATE	WP_092130872.1	74.752	202	51	0	655	50	825	1026	2.11e-92	303
SEQUENCE_TEMPLATE	WP_353176569.1	77.612	201	45	0	652	50	823	1023	3.01e-92	303
SEQUENCE_TEMPLATE	WP_413329506.1	74.752	202	51	0	655	50	825	1026	3.78e-92	303
SEQUENCE_TEMPLATE	MFM0591619.1	70.443	203	60	0	658	50	88	290	4.63e-92	283
SEQUENCE_TEMPLATE	WP_425316977.1	70.098	204	61	0	658	47	111	314	4.97e-92	283
SEQUENCE_TEMPLATE	WP_316667401.1	76.961	204	46	1	661	50	864	1066	8.03e-92	302
SEQUENCE_TEMPLATE	WP_306456599.1	71.066	197	57	0	640	50	1	197	3.76e-91	277
SEQUENCE_TEMPLATE	WP_374005935.1	76.617	201	47	0	652	50	831	1031	7.78e-90	296
SEQUENCE_TEMPLATE	MFM0298728.1	75.000	204	50	1	661	50	825	1027	3.13e-89	295
SEQUENCE_TEMPLATE	WP_429404561.1	75.000	204	50	1	661	50	891	1093	8.11e-89	295
SEQUENCE_TEMPLATE	REE18640.1	74.510	204	51	1	661	50	829	1031	9.02e-89	293
SEQUENCE_TEMPLATE	WP_116148409.1	74.510	204	51	1	661	50	825	1027	1.07e-88	293
SEQUENCE_TEMPLATE	MHT8326465.1	74.146	205	52	1	661	47	823	1026	1.78e-88	293
SEQUENCE_TEMPLATE	WP_056439200.1	71.569	204	58	0	661	50	822	1025	1.81e-87	290
SEQUENCE_TEMPLATE	WP_481459758.1	72.059	204	57	0	658	47	821	1024	1.83e-87	290
SEQUENCE_TEMPLATE	PZP90619.1	73.399	203	52	1	652	50	825	1027	1.80e-86	287
SEQUENCE_TEMPLATE	WP_488433156.1	70.098	204	61	0	658	47	823	1026	2.00e-86	287
SEQUENCE_TEMPLATE	WP_472783024.1	70.098	204	61	0	658	47	823	1026	2.03e-86	287
SEQUENCE_TEMPLATE	WP_245965945.1	73.399	203	52	1	652	50	857	1059	2.44e-86	288
SEQUENCE_TEMPLATE	WP_241307600.1	70.792	202	59	0	655	50	826	1027	2.53e-86	287
SEQUENCE_TEMPLATE	WP_484573640.1	69.608	204	62	0	658	47	823	1026	7.36e-86	286
SEQUENCE_TEMPLATE	WP_490796986.1	69.608	204	62	0	658	47	823	1026	7.36e-86	286
SEQUENCE_TEMPLATE	WP_322268504.1	70.244	205	61	0	661	47	822	1026	2.96e-85	284
SEQUENCE_TEMPLATE	WP_042626682.1	72.772	202	54	1	661	56	825	1025	4.44e-85	284
SEQUENCE_TEMPLATE	AJK47074.1	72.772	202	54	1	661	56	829	1029	5.78e-85	283
SEQUENCE_TEMPLATE	ARM01935.1	68.627	204	63	1	661	50	80	282	6.69e-85	264
SEQUENCE_TEMPLATE	WP_232469768.1	68.627	204	63	1	661	50	124	326	1.28e-84	265
SEQUENCE_TEMPLATE	WP_145256648.1	70.244	205	61	0	661	47	822	1026	1.38e-84	282
SEQUENCE_TEMPLATE	WP_124433848.1	70.244	205	61	0	661	47	822	1026	1.78e-84	282
SEQUENCE_TEMPLATE	WP_429521233.1	69.756	205	62	0	661	47	822	1026	2.50e-84	281
SEQUENCE_TEMPLATE	WP_158828944.1	70.244	205	61	0	661	47	822	1026	2.74e-84	281
SEQUENCE_TEMPLATE	MFL9959402.1	68.473	203	63	1	658	50	141	342	3.03e-84	265
SEQUENCE_TEMPLATE	WP_193093661.1	71.287	202	57	1	661	56	825	1025	3.05e-84	281
SEQUENCE_TEMPLATE	WP_167657042.1	69.756	205	62	0	661	47	822	1026	3.20e-84	281
SEQUENCE_TEMPLATE	MHP5065424.1	71.782	202	56	1	661	56	786	986	3.41e-84	281
SEQUENCE_TEMPLATE	WP_105696564.1	69.756	205	62	0	661	47	822	1026	3.55e-84	281
SEQUENCE_TEMPLATE	WP_169378909.1	69.756	205	62	0	661	47	822	1026	3.86e-84	281
SEQUENCE_TEMPLATE	WP_150635273.1	69.756	205	62	0	661	47	822	1026	3.86e-84	281
SEQUENCE_TEMPLATE	WP_150750611.1	69.756	205	62	0	661	47	822	1026	4.32e-84	281
SEQUENCE_TEMPLATE	WP_306390078.1	71.429	203	58	0	655	47	825	1027	4.55e-84	281
SEQUENCE_TEMPLATE	VVP90857.1	69.756	205	62	0	661	47	827	1031	4.98e-84	281
SEQUENCE_TEMPLATE	WP_309919967.1	76.355	203	48	0	658	50	822	1024	1.18e-83	280
SEQUENCE_TEMPLATE	WP_116829621.1	69.118	204	63	0	658	47	823	1026	2.11e-83	279
SEQUENCE_TEMPLATE	WP_348054627.1	69.268	205	63	0	661	47	822	1026	2.31e-83	279
SEQUENCE_TEMPLATE	TAM08984.1	76.961	204	47	0	658	47	822	1025	3.94e-83	278
SEQUENCE_TEMPLATE	WP_192033149.1	70.098	204	61	0	661	50	822	1025	4.29e-83	278
SEQUENCE_TEMPLATE	HCF0862036.1	68.627	204	64	0	658	47	823	1026	9.66e-83	277
SEQUENCE_TEMPLATE	HEK2316678.1	68.627	204	64	0	658	47	823	1026	9.86e-83	277
SEQUENCE_TEMPLATE	WP_497678914.1	68.780	205	64	0	661	47	757	961	1.12e-82	276
SEQUENCE_TEMPLATE	HHK4224540.1	68.627	204	64	0	658	47	823	1026	1.20e-82	277
SEQUENCE_TEMPLATE	WP_226382746.1	68.137	204	64	1	661	50	257	459	1.33e-82	265
SEQUENCE_TEMPLATE	AXA91306.1	70.297	202	60	0	655	50	827	1028	1.81e-82	276
SEQUENCE_TEMPLATE	WP_462193707.1	68.627	204	64	0	658	47	823	1026	1.83e-82	276
SEQUENCE_TEMPLATE	HIV0867739.1	68.627	204	64	0	658	47	842	1045	2.64e-82	276
SEQUENCE_TEMPLATE	WP_157651418.1	70.647	201	58	1	652	50	426	625	3.70e-82	268
SEQUENCE_TEMPLATE	WP_310659195.1	68.780	205	64	0	661	47	822	1026	4.51e-82	275
SEQUENCE_TEMPLATE	WP_426203889.1	68.780	205	64	0	661	47	822	1026	4.61e-82	275
SEQUENCE_TEMPLATE	WP_230025833.1	67.647	204	66	0	661	50	825	1028	5.28e-82	275
SEQUENCE_TEMPLATE	WP_326838399.1	68.020	197	63	0	640	50	1	197	7.18e-82	253
SEQUENCE_TEMPLATE	WP_259434326.1	70.297	202	60	0	661	56	826	1027	9.76e-82	275
SEQUENCE_TEMPLATE	WP_027818432.1	69.802	202	60	1	661	56	825	1025	2.43e-81	273
SEQUENCE_TEMPLATE	WP_009974480.1	70.647	201	58	1	652	50	828	1027	3.02e-81	273
SEQUENCE_TEMPLATE	WP_110383290.1	70.149	201	59	1	652	50	828	1027	1.11e-80	272
SEQUENCE_TEMPLATE	MEX3556607.1	67.647	204	65	1	661	50	226	428	1.62e-80	258
SEQUENCE_TEMPLATE	HEY2921172.1	69.118	204	63	0	661	50	679	882	7.50e-80	267
SEQUENCE_TEMPLATE	WP_046570248.1	70.352	199	58	1	652	56	828	1025	7.63e-80	270
SEQUENCE_TEMPLATE	WP_111935504.1	68.966	203	62	1	658	50	826	1027	1.68e-79	268
SEQUENCE_TEMPLATE	WP_124550923.1	68.627	204	63	1	661	50	825	1027	1.78e-79	268
SEQUENCE_TEMPLATE	WP_059991447.1	70.647	201	58	1	652	50	828	1027	1.90e-79	268
SEQUENCE_TEMPLATE	WP_325753932.1	68.137	204	64	1	661	50	825	1027	6.68e-79	267
SEQUENCE_TEMPLATE	WP_440032145.1	70.352	199	58	1	652	56	693	890	8.38e-79	265
SEQUENCE_TEMPLATE	WP_065500305.1	68.627	204	63	1	661	50	825	1027	9.65e-79	266
SEQUENCE_TEMPLATE	WP_175710721.1	68.966	203	62	1	658	50	826	1027	1.09e-78	266
SEQUENCE_TEMPLATE	SOE98050.1	68.473	203	63	1	658	50	826	1027	1.78e-78	266
SEQUENCE_TEMPLATE	MHP5063370.1	73.267	202	53	1	661	56	825	1025	2.02e-78	266
SEQUENCE_TEMPLATE	WP_059720403.1	68.137	204	64	1	661	50	825	1027	2.30e-78	265
SEQUENCE_TEMPLATE	WP_167040730.1	68.137	204	64	1	661	50	832	1034	2.47e-78	265
SEQUENCE_TEMPLATE	WP_175963896.1	67.647	204	65	1	661	50	825	1027	2.55e-78	265
SEQUENCE_TEMPLATE	WP_447086012.1	68.137	204	64	1	661	50	825	1027	2.68e-78	265
SEQUENCE_TEMPLATE	WP_251118434.1	68.657	201	62	1	652	50	828	1027	2.77e-78	265
SEQUENCE_TEMPLATE	WP_442807824.1	68.627	204	63	1	661	50	808	1010	2.87e-78	265
SEQUENCE_TEMPLATE	WP_186116148.1	68.657	201	62	1	652	50	828	1027	3.57e-78	265
SEQUENCE_TEMPLATE	NOK56665.1	68.137	204	64	1	661	50	825	1027	3.61e-78	265
SEQUENCE_TEMPLATE	WP_038753070.1	68.137	204	64	1	661	50	825	1027	3.92e-78	265
SEQUENCE_TEMPLATE	WP_230968716.1	68.137	204	64	1	661	50	811	1013	4.03e-78	265
SEQUENCE_TEMPLATE	WP_212167968.1	67.647	204	65	1	661	50	825	1027	4.29e-78	265
SEQUENCE_TEMPLATE	WP_200039256.1	67.647	204	65	1	661	50	825	1027	4.47e-78	265
SEQUENCE_TEMPLATE	WP_085507438.1	68.137	204	64	1	661	50	825	1027	4.52e-78	265
SEQUENCE_TEMPLATE	WP_153477255.1	68.657	201	62	1	652	50	828	1027	4.57e-78	265
SEQUENCE_TEMPLATE	WP_124597203.1	68.137	204	64	1	661	50	825	1027	4.95e-78	265
SEQUENCE_TEMPLATE	WP_186025488.1	68.657	201	62	1	652	50	828	1027	5.01e-78	265
SEQUENCE_TEMPLATE	MDR4476443.1	68.137	204	65	0	661	50	827	1030	5.77e-78	265
SEQUENCE_TEMPLATE	WP_102611868.1	68.627	204	63	1	661	50	824	1026	9.24e-78	264
SEQUENCE_TEMPLATE	WP_186236132.1	68.657	201	62	1	652	50	828	1027	1.32e-77	263
SEQUENCE_TEMPLATE	WP_186073851.1	68.159	201	63	1	652	50	828	1027	1.39e-77	263
SEQUENCE_TEMPLATE	WP_186197575.1	68.342	199	62	1	652	56	828	1025	1.67e-77	263
SEQUENCE_TEMPLATE	WP_301787519.1	67.500	200	64	1	658	59	711	909	1.78e-77	261
SEQUENCE_TEMPLATE	WP_486394340.1	67.157	204	66	1	661	50	825	1027	2.18e-77	263
SEQUENCE_TEMPLATE	WP_092797993.1	66.176	204	69	0	661	50	826	1029	2.25e-77	263
SEQUENCE_TEMPLATE	WP_210570795.1	65.025	203	70	1	661	56	253	455	2.82e-77	251
SEQUENCE_TEMPLATE	WP_028224476.1	67.157	204	66	1	661	50	831	1033	4.92e-77	262
SEQUENCE_TEMPLATE	WP_413936113.1	67.647	204	66	0	661	50	827	1030	1.04e-76	261
SEQUENCE_TEMPLATE	MDD5261249.1	66.832	202	67	0	661	56	827	1028	2.20e-76	260
SEQUENCE_TEMPLATE	WP_163493666.1	70.936	203	59	0	658	50	824	1026	2.32e-76	260
SEQUENCE_TEMPLATE	WP_296484514.1	65.686	204	70	0	661	50	826	1029	6.23e-76	259
SEQUENCE_TEMPLATE	WP_296449130.1	65.854	205	69	1	661	50	826	1030	2.36e-75	257
SEQUENCE_TEMPLATE	KAB2960273.1	66.667	204	68	0	661	50	827	1030	2.75e-75	257
SEQUENCE_TEMPLATE	MCA9498575.1	66.667	204	68	0	661	50	827	1030	4.18e-75	257
SEQUENCE_TEMPLATE	MEP6879979.1	64.851	202	71	0	655	50	394	595	5.99e-75	248
SEQUENCE_TEMPLATE	MFJ1300698.1	64.706	204	72	0	661	50	827	1030	6.88e-75	256
SEQUENCE_TEMPLATE	WP_407830438.1	64.677	201	71	0	658	56	530	730	1.95e-74	250
SEQUENCE_TEMPLATE	WP_409374587.1	64.677	201	71	0	658	56	530	730	2.00e-74	250
SEQUENCE_TEMPLATE	MCW5255864.1	64.677	201	71	0	658	56	541	741	2.47e-74	250
SEQUENCE_TEMPLATE	WP_409375020.1	64.677	201	71	0	658	56	541	741	2.63e-74	250
SEQUENCE_TEMPLATE	WP_138927983.1	64.677	201	71	0	658	56	541	741	2.75e-74	250
SEQUENCE_TEMPLATE	WP_313370458.1	64.706	204	72	0	661	50	827	1030	4.60e-74	254
SEQUENCE_TEMPLATE	MBU0509012.1	66.502	203	67	1	661	56	826	1028	5.30e-74	254
SEQUENCE_TEMPLATE	TAM59398.1	65.517	203	69	1	661	56	828	1030	1.88e-73	252
SEQUENCE_TEMPLATE	WP_148729059.1	62.255	204	77	0	661	50	827	1030	3.42e-72	249
SEQUENCE_TEMPLATE	MEO7493424.1	66.176	204	69	0	661	50	171	374	3.55e-72	235
SEQUENCE_TEMPLATE	MDO8944264.1	66.176	204	69	0	661	50	130	333	3.66e-72	234
SEQUENCE_TEMPLATE	HEX4996922.1	64.216	204	73	0	661	50	826	1029	1.06e-71	247
SEQUENCE_TEMPLATE	MCK4394221.1	58.911	202	81	2	652	50	165	365	5.23e-71	232
SEQUENCE_TEMPLATE	MEO6563270.1	69.186	172	53	0	565	50	2	173	1.02e-70	224
SEQUENCE_TEMPLATE	WP_143432990.1	65.196	204	71	0	661	50	234	437	1.09e-70	233
SEQUENCE_TEMPLATE	TAK86128.1	67.488	203	66	0	658	50	538	740	4.02e-70	239
SEQUENCE_TEMPLATE	WP_442909829.1	63.725	204	71	2	655	47	843	1044	4.46e-70	243
SEQUENCE_TEMPLATE	WP_244106759.1	78.912	147	31	0	490	50	1	147	4.59e-70	222
SEQUENCE_TEMPLATE	MBK9386037.1	67.647	204	65	1	661	50	827	1029	5.49e-70	243
SEQUENCE_TEMPLATE	WP_161040922.1	66.667	204	68	0	661	50	538	741	7.57e-70	238
SEQUENCE_TEMPLATE	WP_277574097.1	67.980	203	65	0	658	50	828	1030	7.87e-70	242
SEQUENCE_TEMPLATE	WP_131659065.1	67.980	203	65	0	658	50	828	1030	8.45e-70	242
SEQUENCE_TEMPLATE	WP_354275689.1	67.980	203	65	0	658	50	828	1030	8.53e-70	242
SEQUENCE_TEMPLATE	WP_236870707.1	78.231	147	32	0	490	50	1	147	1.32e-69	221
SEQUENCE_TEMPLATE	WP_212579535.1	67.980	203	65	0	658	50	828	1030	1.49e-69	241
SEQUENCE_TEMPLATE	WP_167705246.1	67.980	203	65	0	658	50	828	1030	1.52e-69	241
SEQUENCE_TEMPLATE	WP_127158857.1	67.980	203	65	0	658	50	828	1030	1.55e-69	241
SEQUENCE_TEMPLATE	WP_166768420.1	67.980	203	65	0	658	50	828	1030	1.55e-69	241
SEQUENCE_TEMPLATE	WP_325382591.1	61.137	211	81	1	661	32	826	1036	1.76e-69	241
SEQUENCE_TEMPLATE	MFE8643921.1	67.647	204	66	0	661	50	827	1030	1.78e-69	241
SEQUENCE_TEMPLATE	MID8903632.1	67.488	203	66	0	658	50	828	1030	2.16e-69	241
SEQUENCE_TEMPLATE	MCB1483423.1	63.235	204	72	2	655	47	827	1028	2.18e-69	241
SEQUENCE_TEMPLATE	WP_339207344.1	66.176	204	69	0	661	50	827	1030	2.92e-69	241
SEQUENCE_TEMPLATE	WP_064239414.1	66.176	204	69	0	661	50	827	1030	3.07e-69	241
SEQUENCE_TEMPLATE	WP_478440590.1	66.176	204	69	0	661	50	827	1030	3.33e-69	241
SEQUENCE_TEMPLATE	WP_104554455.1	67.157	204	67	0	661	50	827	1030	3.36e-69	241
SEQUENCE_TEMPLATE	MHO9447222.1	66.176	204	69	0	661	50	827	1030	3.80e-69	240
SEQUENCE_TEMPLATE	WP_322317106.1	67.157	204	67	0	661	50	825	1028	6.99e-69	239
SEQUENCE_TEMPLATE	WP_039428282.1	66.667	204	68	0	661	50	827	1030	7.45e-69	239
SEQUENCE_TEMPLATE	MIB4502588.1	66.667	204	68	0	661	50	827	1030	8.41e-69	239
SEQUENCE_TEMPLATE	WP_345785612.1	66.667	204	68	0	661	50	827	1030	9.59e-69	239
SEQUENCE_TEMPLATE	MEA9480543.1	66.667	204	68	0	661	50	788	991	9.81e-69	239
SEQUENCE_TEMPLATE	WP_481301396.1	66.667	204	68	0	661	50	827	1030	1.25e-68	239
SEQUENCE_TEMPLATE	MHC1742485.1	62.871	202	74	1	658	56	829	1030	3.63e-68	238
SEQUENCE_TEMPLATE	WP_291981378.1	66.176	204	69	0	661	50	824	1027	4.89e-68	237
SEQUENCE_TEMPLATE	WP_072453400.1	66.667	204	68	0	661	50	826	1029	4.91e-68	237
SEQUENCE_TEMPLATE	MFH2140552.1	65.686	204	70	0	661	50	824	1027	6.75e-68	237
SEQUENCE_TEMPLATE	WP_153098920.1	66.176	204	69	0	661	50	827	1030	7.77e-68	237
SEQUENCE_TEMPLATE	QDX81039.1	65.686	204	70	0	661	50	826	1029	9.44e-68	236
SEQUENCE_TEMPLATE	WP_104567853.1	66.176	204	69	0	661	50	827	1030	1.02e-67	236
SEQUENCE_TEMPLATE	WP_222428833.1	65.686	204	70	0	661	50	849	1052	1.15e-67	236
SEQUENCE_TEMPLATE	WP_060082706.1	65.686	204	70	0	661	50	827	1030	1.65e-67	236
SEQUENCE_TEMPLATE	WP_076039894.1	66.176	204	69	0	661	50	827	1030	2.26e-67	236
SEQUENCE_TEMPLATE	WP_143433101.1	63.725	204	74	0	661	50	324	527	2.30e-67	227
SEQUENCE_TEMPLATE	WP_263539097.1	66.176	204	69	0	661	50	827	1030	2.57e-67	235
SEQUENCE_TEMPLATE	WP_454757601.1	65.196	204	71	0	661	50	827	1030	5.80e-67	234
SEQUENCE_TEMPLATE	ODU58608.1	65.686	204	70	0	661	50	827	1030	6.16e-67	234
SEQUENCE_TEMPLATE	WP_175908089.1	65.196	204	71	0	661	50	827	1030	6.74e-67	234
SEQUENCE_TEMPLATE	MBN8924956.1	65.686	204	70	0	661	50	851	1054	6.94e-67	234
SEQUENCE_TEMPLATE	WP_483507315.1	65.196	204	71	0	661	50	827	1030	8.32e-67	234
SEQUENCE_TEMPLATE	RTL23977.1	65.686	204	70	0	661	50	827	1030	1.05e-66	234
SEQUENCE_TEMPLATE	MFP5401507.1	65.686	204	70	0	661	50	827	1030	1.14e-66	233
SEQUENCE_TEMPLATE	WP_465242282.1	65.686	204	70	0	661	50	827	1030	1.16e-66	233
SEQUENCE_TEMPLATE	MBF9263463.1	65.686	204	70	0	661	50	827	1030	1.17e-66	233
SEQUENCE_TEMPLATE	MEZ7910185.1	65.686	204	70	0	661	50	850	1053	1.25e-66	234
SEQUENCE_TEMPLATE	WP_288022072.1	65.686	204	70	0	661	50	850	1053	1.25e-66	234
SEQUENCE_TEMPLATE	WP_046549420.1	65.196	204	71	0	661	50	827	1030	1.39e-66	233
SEQUENCE_TEMPLATE	WP_426687610.1	65.686	204	70	0	661	50	827	1030	2.39e-66	233
SEQUENCE_TEMPLATE	WP_377330155.1	65.686	204	70	0	661	50	827	1030	2.98e-66	232
SEQUENCE_TEMPLATE	MCJ7604055.1	60.396	202	78	2	652	50	759	959	3.80e-66	231
SEQUENCE_TEMPLATE	WP_059948300.1	65.196	204	71	0	661	50	827	1030	4.27e-66	232
SEQUENCE_TEMPLATE	WP_060175419.1	65.196	204	71	0	661	50	827	1030	4.31e-66	232
SEQUENCE_TEMPLATE	WP_488837582.1	64.706	204	72	0	661	50	827	1030	5.77e-66	231
SEQUENCE_TEMPLATE	WP_463970156.1	59.606	203	79	2	655	56	827	1029	8.00e-66	231
SEQUENCE_TEMPLATE	WP_301775312.1	65.196	204	71	0	661	50	827	1030	8.27e-66	231
SEQUENCE_TEMPLATE	WP_445545859.1	65.196	204	71	0	661	50	827	1030	1.08e-65	231
SEQUENCE_TEMPLATE	WP_071540026.1	64.216	204	73	0	661	50	824	1027	2.30e-65	230
SEQUENCE_TEMPLATE	WP_297900562.1	64.706	204	72	0	661	50	827	1030	3.39e-65	229
SEQUENCE_TEMPLATE	WP_310284582.1	63.725	204	74	0	661	50	826	1029	3.66e-65	229
SEQUENCE_TEMPLATE	WP_039423808.1	74.847	163	41	0	538	50	1	163	1.17e-64	209
SEQUENCE_TEMPLATE	WP_241688117.1	69.540	174	52	1	661	140	825	997	4.33e-64	226
SEQUENCE_TEMPLATE	WP_176016978.1	55.000	200	89	1	652	56	79	278	5.26e-64	211
SEQUENCE_TEMPLATE	MGD0275339.1	58.128	203	81	3	652	50	833	1033	7.78e-64	226
SEQUENCE_TEMPLATE	MBW1786614.1	58.000	200	82	2	646	50	829	1027	1.05e-63	225
SEQUENCE_TEMPLATE	HET8580588.1	55.000	200	88	2	652	56	182	380	1.09e-62	211
SEQUENCE_TEMPLATE	MCR4286570.1	61.212	165	63	1	547	56	1	165	1.67e-62	203
SEQUENCE_TEMPLATE	MFA6455290.1	54.854	206	92	1	661	47	816	1021	6.67e-62	220
SEQUENCE_TEMPLATE	KWH47781.1	55.000	200	89	1	652	56	394	593	1.69e-61	213
SEQUENCE_TEMPLATE	MBW2164817.1	54.854	206	90	2	661	47	817	1020	4.35e-61	218
SEQUENCE_TEMPLATE	KVM94751.1	55.000	200	89	1	652	56	472	671	8.77e-61	213
SEQUENCE_TEMPLATE	MCP4623262.1	53.500	200	90	2	652	56	242	439	1.17e-60	207
SEQUENCE_TEMPLATE	KVZ16781.1	55.000	200	89	1	652	56	472	671	1.59e-60	212
SEQUENCE_TEMPLATE	KVG59954.1	55.000	200	89	1	652	56	472	671	2.68e-60	212
SEQUENCE_TEMPLATE	MBW2169496.1	56.650	203	85	2	661	56	645	845	2.78e-60	214
SEQUENCE_TEMPLATE	MCF7809329.1	54.455	202	90	2	652	50	827	1027	3.62e-60	216
SEQUENCE_TEMPLATE	MCG2758462.1	56.650	203	85	2	661	56	813	1013	3.91e-60	215
SEQUENCE_TEMPLATE	HET8563804.1	63.871	155	55	1	517	56	1	155	4.34e-60	197
SEQUENCE_TEMPLATE	KAA3608629.1	54.680	203	88	3	652	50	836	1036	5.32e-60	215
SEQUENCE_TEMPLATE	RSL18663.1	62.112	161	60	1	532	53	2	162	6.92e-60	197
SEQUENCE_TEMPLATE	MBU4374087.1	55.665	203	87	2	661	56	699	899	7.57e-60	214
SEQUENCE_TEMPLATE	MHY9216402.1	56.158	203	85	3	652	50	827	1027	8.49e-60	214
SEQUENCE_TEMPLATE	MBW2034914.1	56.650	203	85	2	661	56	814	1014	9.22e-60	214
SEQUENCE_TEMPLATE	WP_174431309.1	55.000	200	89	1	652	56	828	1027	9.43e-60	214
SEQUENCE_TEMPLATE	WP_155628870.1	55.000	200	89	1	652	56	827	1026	2.48e-59	213
SEQUENCE_TEMPLATE	WP_155651087.1	55.000	200	89	1	652	56	827	1026	2.68e-59	213
SEQUENCE_TEMPLATE	MFM0072529.1	53.960	202	92	1	658	56	825	1026	3.02e-59	213
SEQUENCE_TEMPLATE	MGA1984551.1	55.495	182	78	2	598	56	34	213	3.08e-59	197
SEQUENCE_TEMPLATE	WP_155704520.1	55.000	200	89	1	652	56	827	1026	3.08e-59	213
SEQUENCE_TEMPLATE	WP_318828646.1	55.000	200	89	1	652	56	827	1026	3.58e-59	213
SEQUENCE_TEMPLATE	WP_155741655.1	55.000	200	89	1	652	56	827	1026	5.64e-59	212
SEQUENCE_TEMPLATE	WP_408733269.1	55.000	200	89	1	652	56	827	1026	5.69e-59	212
SEQUENCE_TEMPLATE	KAF5427661.1	54.455	202	89	3	658	56	487	686	9.90e-59	208
SEQUENCE_TEMPLATE	WP_252836616.1	55.000	200	89	1	652	56	827	1026	9.91e-59	211
SEQUENCE_TEMPLATE	WP_321929183.1	55.276	199	88	1	643	50	830	1028	1.32e-58	211
SEQUENCE_TEMPLATE	HKB69121.1	57.868	197	80	2	643	56	822	1016	1.34e-58	211
SEQUENCE_TEMPLATE	WP_143263654.1	55.276	199	88	1	643	50	830	1028	1.36e-58	211
SEQUENCE_TEMPLATE	MEA3437375.1	53.398	206	93	2	661	47	817	1020	2.94e-58	210
SEQUENCE_TEMPLATE	WP_155808057.1	49.510	204	99	2	658	50	18	218	5.36e-58	194
SEQUENCE_TEMPLATE	MGE5485298.1	54.187	203	88	3	652	50	603	802	5.64e-58	207
SEQUENCE_TEMPLATE	MCY4361311.1	51.000	200	95	2	652	56	587	784	1.66e-57	206
SEQUENCE_TEMPLATE	MGH7783047.1	53.500	200	91	2	652	56	69	267	2.91e-57	194
SEQUENCE_TEMPLATE	HEV2693400.1	57.377	183	76	2	598	53	834	1015	3.00e-57	207
SEQUENCE_TEMPLATE	MHY6062452.1	51.961	204	95	3	652	47	50	252	3.14e-57	193
SEQUENCE_TEMPLATE	MHC4396796.1	54.187	203	92	1	652	47	825	1027	3.21e-57	207
SEQUENCE_TEMPLATE	WP_155005834.1	55.789	190	80	3	619	56	830	1017	4.21e-57	207
SEQUENCE_TEMPLATE	MCI5119886.1	52.261	199	93	2	643	50	308	505	6.81e-57	199
SEQUENCE_TEMPLATE	MGH7872844.1	53.500	200	91	2	652	56	112	310	7.55e-57	194
SEQUENCE_TEMPLATE	MDP2886321.1	53.465	202	88	3	652	56	817	1015	8.83e-57	206
SEQUENCE_TEMPLATE	OVE73405.1	51.256	199	95	2	643	50	66	263	1.31e-56	192
SEQUENCE_TEMPLATE	MGH8059878.1	52.000	200	94	2	652	56	109	307	1.37e-56	193
SEQUENCE_TEMPLATE	MFM6927213.1	51.980	202	92	2	658	56	814	1011	1.82e-56	205
SEQUENCE_TEMPLATE	HSU52475.1	54.726	201	83	4	652	56	172	366	1.84e-56	194
SEQUENCE_TEMPLATE	WP_462805079.1	47.115	208	104	3	661	47	69	273	3.34e-56	191
SEQUENCE_TEMPLATE	MHM5722838.1	52.000	200	94	2	652	56	825	1023	3.59e-56	204
SEQUENCE_TEMPLATE	MCF8976103.1	53.234	201	93	1	652	53	117	317	3.61e-56	192
SEQUENCE_TEMPLATE	MGD0827182.1	52.475	202	93	2	658	56	814	1013	3.98e-56	204
SEQUENCE_TEMPLATE	WP_072768037.1	53.000	200	93	1	652	56	825	1024	5.17e-56	204
SEQUENCE_TEMPLATE	MHC4403962.1	52.970	202	91	3	652	53	423	622	7.06e-56	199
SEQUENCE_TEMPLATE	WP_253549274.1	51.000	200	97	1	652	56	827	1026	1.01e-55	203
SEQUENCE_TEMPLATE	MDH4128689.1	46.829	205	106	3	661	50	123	325	1.54e-55	191
SEQUENCE_TEMPLATE	QDS89592.1	52.525	198	92	2	643	53	661	857	1.61e-55	201
SEQUENCE_TEMPLATE	MBN1391896.1	51.942	206	98	1	652	38	821	1026	1.95e-55	202
SEQUENCE_TEMPLATE	MDX2110196.1	53.500	200	90	2	652	56	820	1017	1.98e-55	202
SEQUENCE_TEMPLATE	MCL4797745.1	53.202	203	92	2	661	56	793	993	2.02e-55	202
SEQUENCE_TEMPLATE	HVZ64197.1	52.451	204	91	3	658	56	815	1015	2.22e-55	202
SEQUENCE_TEMPLATE	MEA3468385.1	50.000	204	100	2	658	50	71	273	2.22e-55	189
SEQUENCE_TEMPLATE	WP_391556706.1	52.525	198	92	2	643	53	765	961	3.20e-55	201
SEQUENCE_TEMPLATE	MCY2926089.1	55.670	194	85	1	631	53	521	714	4.28e-55	199
SEQUENCE_TEMPLATE	MHB1758104.1	53.000	200	93	1	652	56	817	1016	6.19e-55	201
SEQUENCE_TEMPLATE	MCC0567551.1	49.510	204	99	2	658	50	349	549	7.58e-55	195
SEQUENCE_TEMPLATE	MCK4731733.1	49.505	202	99	2	652	50	178	377	7.80e-55	191
SEQUENCE_TEMPLATE	MGD0399959.1	51.942	206	96	2	661	47	838	1041	7.98e-55	201
SEQUENCE_TEMPLATE	NWH07803.1	52.406	187	87	2	613	56	67	252	8.42e-55	187
SEQUENCE_TEMPLATE	MCX6590096.1	54.000	200	86	2	652	56	845	1039	9.17e-55	200
SEQUENCE_TEMPLATE	MBU2028229.1	51.724	203	95	2	661	56	813	1013	1.27e-54	200
SEQUENCE_TEMPLATE	MBI2478992.1	50.754	199	94	3	643	53	399	595	1.53e-54	195
SEQUENCE_TEMPLATE	MIB1678412.1	50.505	198	94	3	643	56	168	363	1.54e-54	189
SEQUENCE_TEMPLATE	MFH1912587.1	51.724	203	95	2	661	56	771	971	1.63e-54	199
SEQUENCE_TEMPLATE	MFH2074758.1	51.724	203	95	2	661	56	771	971	1.70e-54	199
SEQUENCE_TEMPLATE	WP_157636102.1	61.006	159	61	1	529	56	5	163	2.67e-54	182
SEQUENCE_TEMPLATE	MDW7711175.1	52.000	200	94	2	652	56	214	412	3.89e-54	190
SEQUENCE_TEMPLATE	MDP8201835.1	46.948	213	101	4	655	32	408	613	4.12e-54	194
SEQUENCE_TEMPLATE	WP_125932045.1	54.774	199	88	2	649	56	825	1022	4.38e-54	198
SEQUENCE_TEMPLATE	MBU1627303.1	50.990	202	97	2	652	50	768	968	4.65e-54	198
SEQUENCE_TEMPLATE	RYE39592.1	50.761	197	95	2	643	56	205	400	5.22e-54	190
SEQUENCE_TEMPLATE	HOG98100.1	46.535	202	106	2	652	50	9	209	5.33e-54	183
SEQUENCE_TEMPLATE	MGI9071245.1	53.431	204	88	3	658	56	813	1012	6.77e-54	198
SEQUENCE_TEMPLATE	HAL55789.1	52.792	197	91	2	643	56	208	403	8.68e-54	189
SEQUENCE_TEMPLATE	MBL7223219.1	52.709	203	86	3	643	50	739	936	8.80e-54	197
SEQUENCE_TEMPLATE	MHB0991716.1	76.429	140	33	0	469	50	1	140	8.84e-54	180
SEQUENCE_TEMPLATE	WP_429581113.1	50.990	202	98	1	658	56	825	1026	1.50e-53	197
SEQUENCE_TEMPLATE	MDR4485394.1	51.741	201	95	2	655	56	806	1005	1.59e-53	197
SEQUENCE_TEMPLATE	WP_446992419.1	57.071	198	75	3	625	47	540	732	1.63e-53	195
SEQUENCE_TEMPLATE	MCZ6777158.1	52.970	202	92	2	658	56	801	1000	1.95e-53	196
SEQUENCE_TEMPLATE	MGD0460738.1	43.350	203	113	2	658	53	109	310	2.53e-53	185
SEQUENCE_TEMPLATE	WP_366996944.1	60.377	159	62	1	529	56	12	170	2.89e-53	180
SEQUENCE_TEMPLATE	MDD5679377.1	52.451	204	90	3	658	56	814	1013	3.79e-53	196
SEQUENCE_TEMPLATE	MEW4522166.1	60.377	159	62	1	529	56	19	177	4.44e-53	180
SEQUENCE_TEMPLATE	MDP2296130.1	51.741	201	95	2	655	56	835	1034	5.90e-53	195
SEQUENCE_TEMPLATE	MEI2719688.1	49.505	202	100	2	655	53	810	1010	6.31e-53	195
SEQUENCE_TEMPLATE	MCU1242508.1	49.754	203	100	2	658	53	749	950	7.38e-53	194
SEQUENCE_TEMPLATE	MDD2636976.1	54.822	197	88	1	643	56	821	1017	7.69e-53	195
SEQUENCE_TEMPLATE	WP_342623662.1	53.731	201	92	1	652	53	831	1031	7.81e-53	195
SEQUENCE_TEMPLATE	EKF9168784.1	60.377	159	62	1	529	56	56	214	7.97e-53	181
SEQUENCE_TEMPLATE	MFG6693212.1	50.990	202	98	1	655	53	348	549	8.01e-53	189
SEQUENCE_TEMPLATE	MHY5824840.1	50.246	203	99	2	652	50	563	765	8.05e-53	193
SEQUENCE_TEMPLATE	MCW5690803.1	52.020	198	93	2	643	53	812	1008	9.02e-53	194
SEQUENCE_TEMPLATE	HEX7684057.1	76.613	124	29	0	442	71	1	124	1.01e-52	177
SEQUENCE_TEMPLATE	MEZ6016073.1	52.000	200	90	2	652	56	833	1027	1.09e-52	194
SEQUENCE_TEMPLATE	MEY2494303.1	51.010	198	95	2	646	56	763	959	1.11e-52	194
SEQUENCE_TEMPLATE	WP_323262944.1	47.739	199	101	2	643	50	120	316	1.18e-52	183
SEQUENCE_TEMPLATE	CDH47119.1	52.970	202	85	3	652	56	833	1027	1.26e-52	194
SEQUENCE_TEMPLATE	MGH6689150.1	48.276	203	99	4	655	56	30	229	1.34e-52	180
SEQUENCE_TEMPLATE	WP_242333311.1	50.000	202	99	2	658	56	821	1021	1.37e-52	194
SEQUENCE_TEMPLATE	MGR6020615.1	51.691	207	91	4	649	47	296	499	1.43e-52	188
SEQUENCE_TEMPLATE	WP_475271550.1	53.731	201	92	1	652	53	831	1031	1.48e-52	194
SEQUENCE_TEMPLATE	MEO6194408.1	51.759	199	94	2	643	50	770	967	1.52e-52	194
SEQUENCE_TEMPLATE	MFN8712464.1	49.761	209	99	3	649	41	165	373	1.56e-52	184
SEQUENCE_TEMPLATE	WP_476249349.1	53.731	201	92	1	652	53	831	1031	1.60e-52	194
SEQUENCE_TEMPLATE	WP_339205244.1	52.941	204	92	2	658	50	803	1003	1.60e-52	194
SEQUENCE_TEMPLATE	MHS6519912.1	52.000	200	94	2	652	56	354	552	1.96e-52	189
SEQUENCE_TEMPLATE	TLD43036.1	51.000	200	96	2	652	56	38	236	2.00e-52	180
SEQUENCE_TEMPLATE	WP_210280532.1	54.589	207	84	3	652	47	822	1023	2.03e-52	194
SEQUENCE_TEMPLATE	MBA9036772.1	54.589	207	84	3	652	47	828	1029	2.04e-52	194
SEQUENCE_TEMPLATE	HEY6184095.1	56.757	185	76	3	601	56	598	781	2.20e-52	192
SEQUENCE_TEMPLATE	MHY1531976.1	49.010	202	99	2	658	56	281	479	2.20e-52	187
SEQUENCE_TEMPLATE	WP_460091769.1	53.731	201	92	1	652	53	831	1031	2.20e-52	194
SEQUENCE_TEMPLATE	MEJ0080849.1	51.741	201	91	4	643	50	363	560	2.22e-52	189
SEQUENCE_TEMPLATE	WP_461981758.1	53.731	201	92	1	652	53	831	1031	2.23e-52	194
SEQUENCE_TEMPLATE	MDP1678650.1	50.971	206	95	4	655	53	820	1024	2.33e-52	193
SEQUENCE_TEMPLATE	MCK5022146.1	51.244	201	96	1	658	56	688	886	2.44e-52	193
SEQUENCE_TEMPLATE	MDP2345751.1	52.284	197	86	1	643	53	802	990	2.48e-52	193
SEQUENCE_TEMPLATE	MHW5559724.1	50.543	184	89	2	604	56	18	200	2.49e-52	179
SEQUENCE_TEMPLATE	MDR3214455.1	51.000	200	92	2	652	56	887	1081	2.80e-52	193
SEQUENCE_TEMPLATE	MHW4561125.1	50.543	184	89	2	604	56	24	206	3.30e-52	179
SEQUENCE_TEMPLATE	MGE4432046.1	47.761	201	99	3	646	47	66	261	3.37e-52	180
SEQUENCE_TEMPLATE	MIG0011955.1	52.941	204	92	2	658	50	802	1002	3.69e-52	193
SEQUENCE_TEMPLATE	WP_416251547.1	48.039	204	96	3	655	53	81	277	3.69e-52	181
SEQUENCE_TEMPLATE	MDF5376996.1	50.249	201	94	2	655	56	63	258	3.82e-52	180
SEQUENCE_TEMPLATE	WP_207398126.1	54.645	183	81	2	598	53	780	961	3.90e-52	192
SEQUENCE_TEMPLATE	HXB64818.1	50.500	200	97	2	652	56	810	1008	4.26e-52	193
SEQUENCE_TEMPLATE	MBS0351616.1	50.000	200	97	3	652	56	343	540	4.55e-52	187
SEQUENCE_TEMPLATE	MEM7737670.1	52.000	200	94	2	652	56	755	953	4.62e-52	192
SEQUENCE_TEMPLATE	WP_346763504.1	60.377	159	62	1	529	56	75	233	4.64e-52	179
SEQUENCE_TEMPLATE	MFN5390535.1	46.970	198	102	2	643	53	3	198	5.10e-52	178
SEQUENCE_TEMPLATE	WP_236460162.1	53.234	201	93	1	652	53	831	1031	5.48e-52	192
SEQUENCE_TEMPLATE	MBX3320981.1	50.249	201	98	2	655	56	806	1005	5.58e-52	192
SEQUENCE_TEMPLATE	HEY7248511.1	53.886	193	83	3	625	56	556	745	5.64e-52	191
SEQUENCE_TEMPLATE	MIB5727385.1	52.736	201	94	1	652	53	830	1030	5.79e-52	192
SEQUENCE_TEMPLATE	MDO9605034.1	50.746	201	97	2	652	53	52	251	6.18e-52	179
SEQUENCE_TEMPLATE	MDO9146923.1	50.746	201	97	2	652	53	55	254	6.75e-52	179
SEQUENCE_TEMPLATE	MDC1205477.1	52.604	192	88	2	613	47	844	1035	7.05e-52	192
SEQUENCE_TEMPLATE	QXI56045.1	53.234	201	93	1	652	53	782	982	7.87e-52	192
SEQUENCE_TEMPLATE	MHY2790623.1	51.741	201	95	2	652	53	790	989	7.94e-52	192
SEQUENCE_TEMPLATE	WP_225936088.1	53.234	201	93	1	652	53	831	1031	8.25e-52	192
SEQUENCE_TEMPLATE	WP_458131022.1	53.234	201	93	1	652	53	831	1031	8.83e-52	192
SEQUENCE_TEMPLATE	MCJ7581754.1	48.768	203	102	2	655	50	754	955	9.34e-52	191
SEQUENCE_TEMPLATE	WP_105409783.1	53.922	204	90	3	658	50	802	1002	1.03e-51	192
SEQUENCE_TEMPLATE	WP_377064186.1	51.282	195	91	2	631	50	832	1023	1.06e-51	192
SEQUENCE_TEMPLATE	RIK66929.1	52.261	199	93	2	643	50	762	959	1.12e-51	191
SEQUENCE_TEMPLATE	MGH6710216.1	52.020	198	85	3	625	47	466	658	1.13e-51	189
SEQUENCE_TEMPLATE	MDZ4696386.1	51.244	201	90	3	652	56	833	1027	1.13e-51	191
SEQUENCE_TEMPLATE	MDO9585628.1	51.892	185	87	2	601	50	39	222	1.16e-51	178
SEQUENCE_TEMPLATE	MBI2712597.1	50.495	202	97	3	658	56	809	1008	1.22e-51	191
SEQUENCE_TEMPLATE	WP_488117512.1	53.234	201	93	1	652	53	874	1074	1.28e-51	191
SEQUENCE_TEMPLATE	KJR44357.1	49.010	202	101	2	652	50	394	594	1.28e-51	187
SEQUENCE_TEMPLATE	MDK1119150.1	51.010	198	93	3	643	56	783	978	1.34e-51	191
SEQUENCE_TEMPLATE	MHU9327728.1	53.234	201	93	1	652	53	831	1031	1.34e-51	191
SEQUENCE_TEMPLATE	MDR3577810.1	53.234	201	86	4	652	56	833	1027	1.39e-51	191
SEQUENCE_TEMPLATE	MDN3510591.1	52.000	200	94	2	652	56	193	391	1.47e-51	182
SEQUENCE_TEMPLATE	MGB3494235.1	49.505	202	100	2	658	56	825	1025	1.57e-51	191
SEQUENCE_TEMPLATE	MCB9935956.1	50.980	204	98	2	658	50	825	1027	1.63e-51	191
SEQUENCE_TEMPLATE	MBS0235171.1	49.500	200	99	2	652	56	810	1008	1.73e-51	191
SEQUENCE_TEMPLATE	MGH9436869.1	49.500	200	99	2	652	56	231	429	1.76e-51	183
SEQUENCE_TEMPLATE	WP_348983100.1	49.010	202	101	2	652	50	436	636	1.81e-51	188
SEQUENCE_TEMPLATE	WP_327566335.1	49.754	203	100	2	658	53	809	1010	1.90e-51	191
SEQUENCE_TEMPLATE	MHW3752746.1	50.543	184	89	2	604	56	79	261	2.11e-51	179
SEQUENCE_TEMPLATE	WP_265032103.1	53.234	201	93	1	652	53	831	1031	2.19e-51	191
SEQUENCE_TEMPLATE	VYU20267.1	51.351	185	86	3	604	56	87	269	2.35e-51	179
SEQUENCE_TEMPLATE	WP_496531516.1	53.234	201	93	1	652	53	831	1031	2.44e-51	191
SEQUENCE_TEMPLATE	WP_065260040.1	53.234	201	93	1	652	53	831	1031	2.56e-51	191
SEQUENCE_TEMPLATE	MHC4686161.1	47.549	204	105	2	658	50	758	960	2.63e-51	190
SEQUENCE_TEMPLATE	MGE4312892.1	49.010	202	101	2	658	56	810	1010	3.21e-51	190
SEQUENCE_TEMPLATE	WP_130606663.1	49.261	203	101	2	661	56	826	1027	3.38e-51	190
SEQUENCE_TEMPLATE	MGE0679935.1	50.495	202	98	2	652	50	813	1013	3.48e-51	190
SEQUENCE_TEMPLATE	WP_478071762.1	51.244	201	97	1	652	53	829	1029	3.49e-51	190
SEQUENCE_TEMPLATE	WP_460371493.1	52.736	201	94	1	652	53	831	1031	3.60e-51	190
SEQUENCE_TEMPLATE	MCK9202000.1	50.746	201	97	2	652	53	807	1006	3.75e-51	190
SEQUENCE_TEMPLATE	WP_463396489.1	52.736	201	94	1	652	53	831	1031	3.75e-51	190
SEQUENCE_TEMPLATE	WKZ18945.1	52.000	200	94	2	652	56	254	452	3.90e-51	183
SEQUENCE_TEMPLATE	WP_476308452.1	52.736	201	94	1	652	53	831	1031	3.94e-51	190
SEQUENCE_TEMPLATE	WP_156951648.1	53.608	194	82	3	625	56	816	1005	4.15e-51	190
SEQUENCE_TEMPLATE	WP_100771540.1	53.140	207	87	3	652	47	828	1029	4.18e-51	190
SEQUENCE_TEMPLATE	MDQ3606169.1	52.381	189	87	2	616	53	1	187	4.18e-51	175
SEQUENCE_TEMPLATE	HEY0077818.1	50.000	200	96	2	643	47	827	1023	4.21e-51	190
SEQUENCE_TEMPLATE	RYH36423.1	58.750	160	65	1	529	53	13	172	4.22e-51	175
SEQUENCE_TEMPLATE	MDT8067940.1	47.264	201	104	2	652	53	304	503	4.45e-51	184
SEQUENCE_TEMPLATE	UWU19486.1	52.525	198	84	3	625	47	803	995	4.58e-51	190
SEQUENCE_TEMPLATE	MDP2385699.1	51.485	202	97	1	652	50	810	1011	4.82e-51	190
SEQUENCE_TEMPLATE	HEV7163520.1	49.000	200	100	2	652	56	834	1032	4.88e-51	190
SEQUENCE_TEMPLATE	WP_353897374.1	49.000	200	96	2	652	56	805	999	4.89e-51	190
SEQUENCE_TEMPLATE	WP_177077998.1	52.239	201	95	1	652	53	830	1030	5.16e-51	190
SEQUENCE_TEMPLATE	KAB1082567.1	52.525	198	84	3	625	47	818	1010	5.17e-51	189
SEQUENCE_TEMPLATE	MDA9856590.1	54.211	190	85	2	598	32	777	965	5.20e-51	189
SEQUENCE_TEMPLATE	MCS3061706.1	50.267	187	91	2	613	56	135	320	5.27e-51	179
SEQUENCE_TEMPLATE	WP_070714181.1	50.249	201	98	2	655	56	825	1024	5.43e-51	189
SEQUENCE_TEMPLATE	WP_059733040.1	50.990	202	98	1	655	53	826	1027	5.95e-51	189
SEQUENCE_TEMPLATE	MBF3411158.1	50.990	202	98	1	655	53	826	1027	6.12e-51	189
SEQUENCE_TEMPLATE	WP_428020971.1	49.751	201	98	2	652	53	829	1027	6.12e-51	189
SEQUENCE_TEMPLATE	WP_229040225.1	50.543	184	89	2	604	56	134	316	7.15e-51	179
SEQUENCE_TEMPLATE	WP_212691912.1	46.040	202	104	3	655	53	8	205	7.98e-51	175
SEQUENCE_TEMPLATE	WP_176316674.1	50.495	202	99	1	655	53	826	1027	8.21e-51	189
SEQUENCE_TEMPLATE	WP_223817820.1	51.596	188	88	2	613	53	205	390	8.30e-51	181
SEQUENCE_TEMPLATE	WP_341047238.1	52.475	202	92	2	652	50	805	1003	8.41e-51	189
SEQUENCE_TEMPLATE	MBN6776105.1	52.239	201	95	1	652	53	782	982	8.47e-51	189
SEQUENCE_TEMPLATE	MEY2480730.1	49.010	202	101	2	652	50	814	1014	8.97e-51	189
SEQUENCE_TEMPLATE	MEO1529189.1	50.754	199	92	3	646	53	650	843	9.02e-51	188
SEQUENCE_TEMPLATE	WP_159440356.1	59.375	160	64	1	529	53	7	166	9.14e-51	174
SEQUENCE_TEMPLATE	WP_296669937.1	53.234	201	86	4	652	56	833	1027	9.63e-51	189
SEQUENCE_TEMPLATE	HGM8297377.1	49.754	203	95	4	652	53	55	253	9.64e-51	176
SEQUENCE_TEMPLATE	MGA7178895.1	49.254	201	100	2	655	56	793	992	9.83e-51	189
SEQUENCE_TEMPLATE	WP_130613347.1	48.515	202	99	2	658	56	817	1014	1.07e-50	189
SEQUENCE_TEMPLATE	WP_239007509.1	52.239	201	95	1	652	53	831	1031	1.08e-50	189
SEQUENCE_TEMPLATE	MCZ4090620.1	56.774	155	66	1	517	56	1	155	1.10e-50	173
SEQUENCE_TEMPLATE	MHY2586676.1	51.244	201	96	2	652	53	823	1022	1.13e-50	189
SEQUENCE_TEMPLATE	MHS6974759.1	52.000	200	94	2	652	56	760	958	1.15e-50	189
SEQUENCE_TEMPLATE	WP_156682461.1	51.351	185	86	3	604	56	134	316	1.15e-50	178
SEQUENCE_TEMPLATE	WP_449247123.1	53.927	191	85	2	625	56	770	958	1.25e-50	188
SEQUENCE_TEMPLATE	MEZ4512127.1	51.000	200	96	2	652	56	757	955	1.27e-50	188
SEQUENCE_TEMPLATE	WP_248160881.1	52.239	201	95	1	652	53	830	1030	1.48e-50	188
SEQUENCE_TEMPLATE	WP_042584590.1	50.495	202	99	1	655	53	826	1027	1.53e-50	188
SEQUENCE_TEMPLATE	MCK9194380.1	58.750	160	65	1	529	53	141	300	1.65e-50	177
SEQUENCE_TEMPLATE	NCS66748.1	56.545	191	81	2	625	56	820	1009	1.68e-50	188
SEQUENCE_TEMPLATE	WP_145057114.1	49.751	201	99	2	652	53	827	1026	1.71e-50	188
SEQUENCE_TEMPLATE	MFQ7088476.1	51.351	185	86	3	604	56	152	334	1.78e-50	178
SEQUENCE_TEMPLATE	WP_406873349.1	51.515	198	86	3	625	47	818	1010	1.82e-50	188
SEQUENCE_TEMPLATE	MCK9386726.1	58.750	160	65	1	529	53	145	304	1.98e-50	177
SEQUENCE_TEMPLATE	EPF1846125.1	51.741	201	96	1	652	53	446	646	2.02e-50	185
SEQUENCE_TEMPLATE	MCS0706248.1	52.709	203	88	3	655	56	780	977	2.03e-50	188
SEQUENCE_TEMPLATE	WP_287010435.1	56.213	169	72	2	559	56	106	273	2.10e-50	176
SEQUENCE_TEMPLATE	WP_343829455.1	52.709	203	88	3	655	56	829	1026	2.10e-50	188
SEQUENCE_TEMPLATE	WP_416790458.1	52.736	201	94	1	652	53	831	1031	2.13e-50	188
SEQUENCE_TEMPLATE	MEO4926953.1	46.535	202	99	2	640	50	64	261	2.26e-50	176
SEQUENCE_TEMPLATE	MFZ1990664.1	49.010	202	101	2	658	56	768	968	2.28e-50	187
SEQUENCE_TEMPLATE	RYZ91081.1	50.244	205	100	2	661	50	760	963	2.42e-50	187
SEQUENCE_TEMPLATE	EFV67395.1	46.535	202	99	2	640	50	84	281	2.44e-50	176
SEQUENCE_TEMPLATE	PKN68577.1	50.761	197	95	2	637	50	770	965	2.52e-50	187
SEQUENCE_TEMPLATE	WP_464870251.1	49.505	202	99	2	658	56	801	1000	2.80e-50	187
SEQUENCE_TEMPLATE	WP_159579842.1	50.251	199	95	2	649	56	822	1017	2.96e-50	187
SEQUENCE_TEMPLATE	WP_287313800.1	53.226	186	85	2	610	56	824	1008	3.41e-50	187
SEQUENCE_TEMPLATE	RWJ31918.1	53.226	186	85	2	610	56	839	1023	3.57e-50	187
SEQUENCE_TEMPLATE	PZM80385.1	52.239	201	89	3	652	56	810	1005	3.63e-50	187
SEQUENCE_TEMPLATE	NOT68582.1	50.249	201	98	2	652	53	807	1006	3.77e-50	187
SEQUENCE_TEMPLATE	MEE8114811.1	46.766	201	106	1	655	56	816	1016	3.83e-50	187
SEQUENCE_TEMPLATE	WP_130264762.1	51.741	201	96	1	652	53	831	1031	3.93e-50	187
SEQUENCE_TEMPLATE	MCW3074624.1	50.761	197	95	2	643	56	793	988	4.18e-50	187
SEQUENCE_TEMPLATE	MCB8968288.1	49.010	202	91	4	640	50	815	1009	4.20e-50	187
SEQUENCE_TEMPLATE	MHU4420291.1	52.850	193	87	3	613	41	775	965	4.39e-50	187
SEQUENCE_TEMPLATE	MHW6048831.1	50.543	184	89	2	604	56	228	410	5.46e-50	179
SEQUENCE_TEMPLATE	WP_015846309.1	48.768	203	102	2	661	56	824	1025	5.54e-50	187
SEQUENCE_TEMPLATE	WP_460489248.1	49.751	201	98	2	652	53	829	1027	5.77e-50	187
SEQUENCE_TEMPLATE	MEK6739332.1	50.761	197	95	2	643	56	768	963	6.33e-50	186
SEQUENCE_TEMPLATE	OHB73155.1	50.761	197	95	2	643	56	768	963	6.39e-50	186
SEQUENCE_TEMPLATE	WP_192526420.1	55.747	174	72	2	565	53	283	454	6.45e-50	180
SEQUENCE_TEMPLATE	WP_257311715.1	52.910	189	87	2	610	47	822	1009	6.48e-50	186
SEQUENCE_TEMPLATE	MBS1715562.1	50.000	202	99	2	652	50	755	955	7.00e-50	186
SEQUENCE_TEMPLATE	MCI5183593.1	50.490	204	99	2	658	50	789	991	7.62e-50	186
SEQUENCE_TEMPLATE	WP_128236027.1	52.910	189	87	2	610	47	822	1009	7.80e-50	186
SEQUENCE_TEMPLATE	HNO74230.1	49.254	201	99	2	652	53	829	1027	7.96e-50	186
SEQUENCE_TEMPLATE	MCI5114797.1	50.490	204	99	2	658	50	789	991	8.01e-50	186
SEQUENCE_TEMPLATE	HZT68397.1	48.515	202	102	2	652	50	758	958	8.20e-50	186
SEQUENCE_TEMPLATE	MGH9460488.1	48.276	203	99	4	655	56	321	520	8.99e-50	181
SEQUENCE_TEMPLATE	WP_366139418.1	49.751	201	98	2	652	53	829	1027	9.22e-50	186
SEQUENCE_TEMPLATE	MDY6911489.1	52.525	198	90	3	643	56	210	405	9.27e-50	178
